{
  "cameras": [
    {
      "image_width": 1920,
      "image_height": 1080,
      "fov_x_rad": 1.047198,
      "fov_y_rad": 0.628029,
      "tanfovx": 0.57735,
      "tanfovy": 0.32476,
      "camera_center": [
        8.0,
        0.0,
        0.0
      ],
      "viewmatrix": [
        [
          0.0,
          1.0,
          0.0,
          0.0
        ],
        [
          0.0,
          0.0,
          1.0,
          0.0
        ],
        [
          1.0,
          0.0,
          0.0,
          -8.0
        ],
        [
          0.0,
          0.0,
          0.0,
          1.0
        ]
      ],
      "fx": 1662.7688,
      "fy": 1662.7688,
      "cx": 960.0,
      "cy": 540.0
    },
    {
      "image_width": 1920,
      "image_height": 1080,
      "fov_x_rad": 1.047198,
      "fov_y_rad": 0.628029,
      "tanfovx": 0.57735,
      "tanfovy": 0.32476,
      "camera_center": [
        7.936917781829834,
        1.0026658773422241,
        0.0
      ],
      "viewmatrix": [
        [
          -0.12533323466777802,
          0.9921147227287292,
          0.0,
          0.0
        ],
        [
          0.0,
          -0.0,
          1.0,
          0.0
        ],
        [
          0.9921147227287292,
          0.12533323466777802,
          0.0,
          -8.0
        ],
        [
          0.0,
          0.0,
          0.0,
          1.0
        ]
      ],
      "fx": 1662.7688,
      "fy": 1662.7688,
      "cx": 960.0,
      "cy": 540.0
    },
    {
      "image_width": 1920,
      "image_height": 1080,
      "fov_x_rad": 1.047198,
      "fov_y_rad": 0.628029,
      "tanfovx": 0.57735,
      "tanfovy": 0.32476,
      "camera_center": [
        7.7486653327941895,
        1.9895191192626953,
        0.0
      ],
      "viewmatrix": [
        [
          -0.24868988990783691,
          0.9685831665992737,
          0.0,
          0.0
        ],
        [
          0.0,
          -0.0,
          1.0,
          0.0
        ],
        [
          0.9685831665992737,
          0.24868988990783691,
          0.0,
          -8.0
        ],
        [
          0.0,
          0.0,
          0.0,
          1.0
        ]
      ],
      "fx": 1662.7688,
      "fy": 1662.7688,
      "cx": 960.0,
      "cy": 540.0
    },
    {
      "image_width": 1920,
      "image_height": 1080,
      "fov_x_rad": 1.047198,
      "fov_y_rad": 0.628029,
      "tanfovx": 0.57735,
      "tanfovy": 0.32476,
      "camera_center": [
        7.438211917877197,
        2.9449963569641113,
        0.0
      ],
      "viewmatrix": [
        [
          -0.3681245446205139,
          0.9297764897346497,
          0.0,
          0.0
        ],
        [
          0.0,
          -0.0,
          1.0,
          0.0
        ],
        [
          0.9297764897346497,
          0.3681245446205139,
          0.0,
          -8.0
        ],
        [
          0.0,
          0.0,
          0.0,
          1.0
        ]
      ],
      "fx": 1662.7688,
      "fy": 1662.7688,
      "cx": 960.0,
      "cy": 540.0
    },
    {
      "image_width": 1920,
      "image_height": 1080,
      "fov_x_rad": 1.047198,
      "fov_y_rad": 0.628029,
      "tanfovx": 0.57735,
      "tanfovy": 0.32476,
      "camera_center": [
        7.010453224182129,
        3.854029417037964,
        0.0
      ],
      "viewmatrix": [
        [
          -0.48175370693206787,
          0.8763067126274109,
          0.0,
          0.0
        ],
        [
          0.0,
          -0.0,
          1.0000001192092896,
          0.0
        ],
        [
          0.8763067126274109,
          0.48175370693206787,
          0.0,
          -8.0
        ],
        [
          0.0,
          0.0,
          0.0,
          1.0
        ]
      ],
      "fx": 1662.7688,
      "fy": 1662.7688,
      "cx": 960.0,
      "cy": 540.0
    },
    {
      "image_width": 1920,
      "image_height": 1080,
      "fov_x_rad": 1.047198,
      "fov_y_rad": 0.628029,
      "tanfovx": 0.57735,
      "tanfovy": 0.32476,
      "camera_center": [
        6.4721360206604,
        4.702281951904297,
        0.0
      ],
      "viewmatrix": [
        [
          -0.5877852439880371,
          0.80901700258255,
          0.0,
          0.0
        ],
        [
          0.0,
          -0.0,
          1.0,
          0.0
        ],
        [
          0.80901700258255,
          0.5877852439880371,
          0.0,
          -8.0
        ],
        [
          0.0,
          0.0,
          0.0,
          1.0
        ]
      ],
      "fx": 1662.7688,
      "fy": 1662.7688,
      "cx": 960.0,
      "cy": 540.0
    },
    {
      "image_width": 1920,
      "image_height": 1080,
      "fov_x_rad": 1.047198,
      "fov_y_rad": 0.628029,
      "tanfovx": 0.57735,
      "tanfovy": 0.32476,
      "camera_center": [
        5.831748962402344,
        5.476377010345459,
        0.0
      ],
      "viewmatrix": [
        [
          -0.6845471262931824,
          0.728968620300293,
          0.0,
          0.0
        ],
        [
          0.0,
          -0.0,
          1.0,
          0.0
        ],
        [
          0.728968620300293,
          0.6845471262931824,
          0.0,
          -8.0
        ],
        [
          0.0,
          0.0,
          0.0,
          1.0
        ]
      ],
      "fx": 1662.7688,
      "fy": 1662.7688,
      "cx": 960.0,
      "cy": 540.0
    },
    {
      "image_width": 1920,
      "image_height": 1080,
      "fov_x_rad": 1.047198,
      "fov_y_rad": 0.628029,
      "tanfovx": 0.57735,
      "tanfovy": 0.32476,
      "camera_center": [
        5.099391937255859,
        6.1641058921813965,
        0.0
      ],
      "viewmatrix": [
        [
          -0.7705132365226746,
          0.6374239921569824,
          0.0,
          0.0
        ],
        [
          0.0,
          -0.0,
          1.0,
          0.0
        ],
        [
          0.6374239921569824,
          0.7705132365226746,
          0.0,
          -8.0
        ],
        [
          0.0,
          0.0,
          0.0,
          1.0
        ]
      ],
      "fx": 1662.7688,
      "fy": 1662.7688,
      "cx": 960.0,
      "cy": 540.0
    },
    {
      "image_width": 1920,
      "image_height": 1080,
      "fov_x_rad": 1.047198,
      "fov_y_rad": 0.628029,
      "tanfovx": 0.57735,
      "tanfovy": 0.32476,
      "camera_center": [
        4.286614418029785,
        6.7546234130859375,
        0.0
      ],
      "viewmatrix": [
        [
          -0.8443279266357422,
          0.5358268022537231,
          0.0,
          0.0
        ],
        [
          0.0,
          -0.0,
          1.0,
          0.0
        ],
        [
          0.5358268022537231,
          0.8443279266357422,
          0.0,
          -8.0
        ],
        [
          0.0,
          0.0,
          0.0,
          1.0
        ]
      ],
      "fx": 1662.7688,
      "fy": 1662.7688,
      "cx": 960.0,
      "cy": 540.0
    },
    {
      "image_width": 1920,
      "image_height": 1080,
      "fov_x_rad": 1.047198,
      "fov_y_rad": 0.628029,
      "tanfovx": 0.57735,
      "tanfovy": 0.32476,
      "camera_center": [
        3.4062342643737793,
        7.238616466522217,
        0.0
      ],
      "viewmatrix": [
        [
          -0.9048270583152771,
          0.4257792830467224,
          0.0,
          0.0
        ],
        [
          0.0,
          -0.0,
          1.0,
          0.0
        ],
        [
          0.4257792830467224,
          0.9048270583152771,
          0.0,
          -8.0
        ],
        [
          0.0,
          0.0,
          0.0,
          1.0
        ]
      ],
      "fx": 1662.7688,
      "fy": 1662.7688,
      "cx": 960.0,
      "cy": 540.0
    },
    {
      "image_width": 1920,
      "image_height": 1080,
      "fov_x_rad": 1.047198,
      "fov_y_rad": 0.628029,
      "tanfovx": 0.57735,
      "tanfovy": 0.32476,
      "camera_center": [
        2.4721360206604004,
        7.608452320098877,
        0.0
      ],
      "viewmatrix": [
        [
          -0.9510565400123596,
          0.30901700258255005,
          0.0,
          0.0
        ],
        [
          0.0,
          -0.0,
          1.0,
          0.0
        ],
        [
          0.30901700258255005,
          0.9510565400123596,
          0.0,
          -8.0
        ],
        [
          0.0,
          0.0,
          0.0,
          1.0
        ]
      ],
      "fx": 1662.7688,
      "fy": 1662.7688,
      "cx": 960.0,
      "cy": 540.0
    },
    {
      "image_width": 1920,
      "image_height": 1080,
      "fov_x_rad": 1.047198,
      "fov_y_rad": 0.628029,
      "tanfovx": 0.57735,
      "tanfovy": 0.32476,
      "camera_center": [
        1.499050498008728,
        7.858297824859619,
        0.0
      ],
      "viewmatrix": [
        [
          -0.9822872281074524,
          0.187381312251091,
          0.0,
          0.0
        ],
        [
          0.0,
          -0.0,
          1.0,
          0.0
        ],
        [
          0.187381312251091,
          0.9822872281074524,
          0.0,
          -8.0
        ],
        [
          0.0,
          0.0,
          0.0,
          1.0
        ]
      ],
      "fx": 1662.7688,
      "fy": 1662.7688,
      "cx": 960.0,
      "cy": 540.0
    },
    {
      "image_width": 1920,
      "image_height": 1080,
      "fov_x_rad": 1.047198,
      "fov_y_rad": 0.628029,
      "tanfovx": 0.57735,
      "tanfovy": 0.32476,
      "camera_center": [
        0.5023241639137268,
        7.984213829040527,
        0.0
      ],
      "viewmatrix": [
        [
          -0.9980267286300659,
          0.06279052048921585,
          0.0,
          0.0
        ],
        [
          0.0,
          -0.0,
          1.0,
          0.0
        ],
        [
          0.06279052048921585,
          0.9980267286300659,
          0.0,
          -8.0
        ],
        [
          0.0,
          0.0,
          0.0,
          1.0
        ]
      ],
      "fx": 1662.7688,
      "fy": 1662.7688,
      "cx": 960.0,
      "cy": 540.0
    },
    {
      "image_width": 1920,
      "image_height": 1080,
      "fov_x_rad": 1.047198,
      "fov_y_rad": 0.628029,
      "tanfovx": 0.57735,
      "tanfovy": 0.32476,
      "camera_center": [
        -0.5023241639137268,
        7.984213829040527,
        0.0
      ],
      "viewmatrix": [
        [
          -0.9980267286300659,
          -0.06279052048921585,
          0.0,
          0.0
        ],
        [
          0.0,
          0.0,
          1.0,
          0.0
        ],
        [
          -0.06279052048921585,
          0.9980267286300659,
          0.0,
          -8.0
        ],
        [
          0.0,
          0.0,
          0.0,
          1.0
        ]
      ],
      "fx": 1662.7688,
      "fy": 1662.7688,
      "cx": 960.0,
      "cy": 540.0
    },
    {
      "image_width": 1920,
      "image_height": 1080,
      "fov_x_rad": 1.047198,
      "fov_y_rad": 0.628029,
      "tanfovx": 0.57735,
      "tanfovy": 0.32476,
      "camera_center": [
        -1.499050498008728,
        7.858297824859619,
        0.0
      ],
      "viewmatrix": [
        [
          -0.9822872281074524,
          -0.187381312251091,
          0.0,
          0.0
        ],
        [
          0.0,
          0.0,
          1.0,
          0.0
        ],
        [
          -0.187381312251091,
          0.9822872281074524,
          0.0,
          -8.0
        ],
        [
          0.0,
          0.0,
          0.0,
          1.0
        ]
      ],
      "fx": 1662.7688,
      "fy": 1662.7688,
      "cx": 960.0,
      "cy": 540.0
    },
    {
      "image_width": 1920,
      "image_height": 1080,
      "fov_x_rad": 1.047198,
      "fov_y_rad": 0.628029,
      "tanfovx": 0.57735,
      "tanfovy": 0.32476,
      "camera_center": [
        -2.4721360206604004,
        7.608452320098877,
        0.0
      ],
      "viewmatrix": [
        [
          -0.9510565400123596,
          -0.30901700258255005,
          0.0,
          0.0
        ],
        [
          0.0,
          0.0,
          1.0,
          0.0
        ],
        [
          -0.30901700258255005,
          0.9510565400123596,
          0.0,
          -8.0
        ],
        [
          0.0,
          0.0,
          0.0,
          1.0
        ]
      ],
      "fx": 1662.7688,
      "fy": 1662.7688,
      "cx": 960.0,
      "cy": 540.0
    },
    {
      "image_width": 1920,
      "image_height": 1080,
      "fov_x_rad": 1.047198,
      "fov_y_rad": 0.628029,
      "tanfovx": 0.57735,
      "tanfovy": 0.32476,
      "camera_center": [
        -3.4062342643737793,
        7.238616466522217,
        0.0
      ],
      "viewmatrix": [
        [
          -0.9048270583152771,
          -0.4257792830467224,
          0.0,
          0.0
        ],
        [
          0.0,
          0.0,
          1.0,
          0.0
        ],
        [
          -0.4257792830467224,
          0.9048270583152771,
          0.0,
          -8.0
        ],
        [
          0.0,
          0.0,
          0.0,
          1.0
        ]
      ],
      "fx": 1662.7688,
      "fy": 1662.7688,
      "cx": 960.0,
      "cy": 540.0
    },
    {
      "image_width": 1920,
      "image_height": 1080,
      "fov_x_rad": 1.047198,
      "fov_y_rad": 0.628029,
      "tanfovx": 0.57735,
      "tanfovy": 0.32476,
      "camera_center": [
        -4.286614418029785,
        6.7546234130859375,
        0.0
      ],
      "viewmatrix": [
        [
          -0.8443279266357422,
          -0.5358268022537231,
          0.0,
          0.0
        ],
        [
          0.0,
          0.0,
          1.0,
          0.0
        ],
        [
          -0.5358268022537231,
          0.8443279266357422,
          0.0,
          -8.0
        ],
        [
          0.0,
          0.0,
          0.0,
          1.0
        ]
      ],
      "fx": 1662.7688,
      "fy": 1662.7688,
      "cx": 960.0,
      "cy": 540.0
    },
    {
      "image_width": 1920,
      "image_height": 1080,
      "fov_x_rad": 1.047198,
      "fov_y_rad": 0.628029,
      "tanfovx": 0.57735,
      "tanfovy": 0.32476,
      "camera_center": [
        -5.099391937255859,
        6.1641058921813965,
        0.0
      ],
      "viewmatrix": [
        [
          -0.7705132365226746,
          -0.6374239921569824,
          0.0,
          0.0
        ],
        [
          0.0,
          0.0,
          1.0,
          0.0
        ],
        [
          -0.6374239921569824,
          0.7705132365226746,
          0.0,
          -8.0
        ],
        [
          0.0,
          0.0,
          0.0,
          1.0
        ]
      ],
      "fx": 1662.7688,
      "fy": 1662.7688,
      "cx": 960.0,
      "cy": 540.0
    },
    {
      "image_width": 1920,
      "image_height": 1080,
      "fov_x_rad": 1.047198,
      "fov_y_rad": 0.628029,
      "tanfovx": 0.57735,
      "tanfovy": 0.32476,
      "camera_center": [
        -5.831748962402344,
        5.476377010345459,
        0.0
      ],
      "viewmatrix": [
        [
          -0.6845471262931824,
          -0.728968620300293,
          0.0,
          0.0
        ],
        [
          0.0,
          0.0,
          1.0,
          0.0
        ],
        [
          -0.728968620300293,
          0.6845471262931824,
          0.0,
          -8.0
        ],
        [
          0.0,
          0.0,
          0.0,
          1.0
        ]
      ],
      "fx": 1662.7688,
      "fy": 1662.7688,
      "cx": 960.0,
      "cy": 540.0
    },
    {
      "image_width": 1920,
      "image_height": 1080,
      "fov_x_rad": 1.047198,
      "fov_y_rad": 0.628029,
      "tanfovx": 0.57735,
      "tanfovy": 0.32476,
      "camera_center": [
        -6.4721360206604,
        4.702281951904297,
        0.0
      ],
      "viewmatrix": [
        [
          -0.5877852439880371,
          -0.80901700258255,
          0.0,
          0.0
        ],
        [
          0.0,
          0.0,
          1.0,
          0.0
        ],
        [
          -0.80901700258255,
          0.5877852439880371,
          0.0,
          -8.0
        ],
        [
          0.0,
          0.0,
          0.0,
          1.0
        ]
      ],
      "fx": 1662.7688,
      "fy": 1662.7688,
      "cx": 960.0,
      "cy": 540.0
    },
    {
      "image_width": 1920,
      "image_height": 1080,
      "fov_x_rad": 1.047198,
      "fov_y_rad": 0.628029,
      "tanfovx": 0.57735,
      "tanfovy": 0.32476,
      "camera_center": [
        -7.010453224182129,
        3.854029417037964,
        0.0
      ],
      "viewmatrix": [
        [
          -0.48175370693206787,
          -0.8763067126274109,
          0.0,
          0.0
        ],
        [
          0.0,
          0.0,
          1.0000001192092896,
          0.0
        ],
        [
          -0.8763067126274109,
          0.48175370693206787,
          0.0,
          -8.0
        ],
        [
          0.0,
          0.0,
          0.0,
          1.0
        ]
      ],
      "fx": 1662.7688,
      "fy": 1662.7688,
      "cx": 960.0,
      "cy": 540.0
    },
    {
      "image_width": 1920,
      "image_height": 1080,
      "fov_x_rad": 1.047198,
      "fov_y_rad": 0.628029,
      "tanfovx": 0.57735,
      "tanfovy": 0.32476,
      "camera_center": [
        -7.438211917877197,
        2.9449963569641113,
        0.0
      ],
      "viewmatrix": [
        [
          -0.3681245446205139,
          -0.9297764897346497,
          0.0,
          0.0
        ],
        [
          0.0,
          0.0,
          1.0,
          0.0
        ],
        [
          -0.9297764897346497,
          0.3681245446205139,
          0.0,
          -8.0
        ],
        [
          0.0,
          0.0,
          0.0,
          1.0
        ]
      ],
      "fx": 1662.7688,
      "fy": 1662.7688,
      "cx": 960.0,
      "cy": 540.0
    },
    {
      "image_width": 1920,
      "image_height": 1080,
      "fov_x_rad": 1.047198,
      "fov_y_rad": 0.628029,
      "tanfovx": 0.57735,
      "tanfovy": 0.32476,
      "camera_center": [
        -7.7486653327941895,
        1.9895191192626953,
        0.0
      ],
      "viewmatrix": [
        [
          -0.24868988990783691,
          -0.9685831665992737,
          0.0,
          0.0
        ],
        [
          0.0,
          0.0,
          1.0,
          0.0
        ],
        [
          -0.9685831665992737,
          0.24868988990783691,
          0.0,
          -8.0
        ],
        [
          0.0,
          0.0,
          0.0,
          1.0
        ]
      ],
      "fx": 1662.7688,
      "fy": 1662.7688,
      "cx": 960.0,
      "cy": 540.0
    },
    {
      "image_width": 1920,
      "image_height": 1080,
      "fov_x_rad": 1.047198,
      "fov_y_rad": 0.628029,
      "tanfovx": 0.57735,
      "tanfovy": 0.32476,
      "camera_center": [
        -7.936917781829834,
        1.0026658773422241,
        0.0
      ],
      "viewmatrix": [
        [
          -0.12533323466777802,
          -0.9921147227287292,
          0.0,
          0.0
        ],
        [
          0.0,
          0.0,
          1.0,
          0.0
        ],
        [
          -0.9921147227287292,
          0.12533323466777802,
          0.0,
          -8.0
        ],
        [
          0.0,
          0.0,
          0.0,
          1.0
        ]
      ],
      "fx": 1662.7688,
      "fy": 1662.7688,
      "cx": 960.0,
      "cy": 540.0
    },
    {
      "image_width": 1920,
      "image_height": 1080,
      "fov_x_rad": 1.047198,
      "fov_y_rad": 0.628029,
      "tanfovx": 0.57735,
      "tanfovy": 0.32476,
      "camera_center": [
        -8.0,
        9.797174820681343e-16,
        0.0
      ],
      "viewmatrix": [
        [
          -1.2246468525851679e-16,
          -1.0,
          0.0,
          0.0
        ],
        [
          0.0,
          0.0,
          1.0,
          0.0
        ],
        [
          -1.0,
          1.2246468525851679e-16,
          0.0,
          -8.0
        ],
        [
          0.0,
          0.0,
          0.0,
          1.0
        ]
      ],
      "fx": 1662.7688,
      "fy": 1662.7688,
      "cx": 960.0,
      "cy": 540.0
    },
    {
      "image_width": 1920,
      "image_height": 1080,
      "fov_x_rad": 1.047198,
      "fov_y_rad": 0.628029,
      "tanfovx": 0.57735,
      "tanfovy": 0.32476,
      "camera_center": [
        -7.936917781829834,
        -1.0026658773422241,
        0.0
      ],
      "viewmatrix": [
        [
          0.12533323466777802,
          -0.9921147227287292,
          0.0,
          0.0
        ],
        [
          0.0,
          0.0,
          1.0,
          0.0
        ],
        [
          -0.9921147227287292,
          -0.12533323466777802,
          0.0,
          -8.0
        ],
        [
          0.0,
          0.0,
          0.0,
          1.0
        ]
      ],
      "fx": 1662.7688,
      "fy": 1662.7688,
      "cx": 960.0,
      "cy": 540.0
    },
    {
      "image_width": 1920,
      "image_height": 1080,
      "fov_x_rad": 1.047198,
      "fov_y_rad": 0.628029,
      "tanfovx": 0.57735,
      "tanfovy": 0.32476,
      "camera_center": [
        -7.7486653327941895,
        -1.9895191192626953,
        0.0
      ],
      "viewmatrix": [
        [
          0.24868988990783691,
          -0.9685831665992737,
          0.0,
          0.0
        ],
        [
          0.0,
          0.0,
          1.0,
          0.0
        ],
        [
          -0.9685831665992737,
          -0.24868988990783691,
          0.0,
          -8.0
        ],
        [
          0.0,
          0.0,
          0.0,
          1.0
        ]
      ],
      "fx": 1662.7688,
      "fy": 1662.7688,
      "cx": 960.0,
      "cy": 540.0
    },
    {
      "image_width": 1920,
      "image_height": 1080,
      "fov_x_rad": 1.047198,
      "fov_y_rad": 0.628029,
      "tanfovx": 0.57735,
      "tanfovy": 0.32476,
      "camera_center": [
        -7.438211917877197,
        -2.9449963569641113,
        0.0
      ],
      "viewmatrix": [
        [
          0.3681245446205139,
          -0.9297764897346497,
          0.0,
          0.0
        ],
        [
          0.0,
          0.0,
          1.0,
          0.0
        ],
        [
          -0.9297764897346497,
          -0.3681245446205139,
          0.0,
          -8.0
        ],
        [
          0.0,
          0.0,
          0.0,
          1.0
        ]
      ],
      "fx": 1662.7688,
      "fy": 1662.7688,
      "cx": 960.0,
      "cy": 540.0
    },
    {
      "image_width": 1920,
      "image_height": 1080,
      "fov_x_rad": 1.047198,
      "fov_y_rad": 0.628029,
      "tanfovx": 0.57735,
      "tanfovy": 0.32476,
      "camera_center": [
        -7.010453224182129,
        -3.854029417037964,
        0.0
      ],
      "viewmatrix": [
        [
          0.48175370693206787,
          -0.8763067126274109,
          0.0,
          0.0
        ],
        [
          0.0,
          0.0,
          1.0000001192092896,
          0.0
        ],
        [
          -0.8763067126274109,
          -0.48175370693206787,
          0.0,
          -8.0
        ],
        [
          0.0,
          0.0,
          0.0,
          1.0
        ]
      ],
      "fx": 1662.7688,
      "fy": 1662.7688,
      "cx": 960.0,
      "cy": 540.0
    },
    {
      "image_width": 1920,
      "image_height": 1080,
      "fov_x_rad": 1.047198,
      "fov_y_rad": 0.628029,
      "tanfovx": 0.57735,
      "tanfovy": 0.32476,
      "camera_center": [
        -6.4721360206604,
        -4.702281951904297,
        0.0
      ],
      "viewmatrix": [
        [
          0.5877852439880371,
          -0.80901700258255,
          0.0,
          0.0
        ],
        [
          0.0,
          0.0,
          1.0,
          0.0
        ],
        [
          -0.80901700258255,
          -0.5877852439880371,
          0.0,
          -8.0
        ],
        [
          0.0,
          0.0,
          0.0,
          1.0
        ]
      ],
      "fx": 1662.7688,
      "fy": 1662.7688,
      "cx": 960.0,
      "cy": 540.0
    },
    {
      "image_width": 1920,
      "image_height": 1080,
      "fov_x_rad": 1.047198,
      "fov_y_rad": 0.628029,
      "tanfovx": 0.57735,
      "tanfovy": 0.32476,
      "camera_center": [
        -5.831748962402344,
        -5.476377010345459,
        0.0
      ],
      "viewmatrix": [
        [
          0.6845471262931824,
          -0.728968620300293,
          0.0,
          0.0
        ],
        [
          0.0,
          0.0,
          1.0,
          0.0
        ],
        [
          -0.728968620300293,
          -0.6845471262931824,
          0.0,
          -8.0
        ],
        [
          0.0,
          0.0,
          0.0,
          1.0
        ]
      ],
      "fx": 1662.7688,
      "fy": 1662.7688,
      "cx": 960.0,
      "cy": 540.0
    },
    {
      "image_width": 1920,
      "image_height": 1080,
      "fov_x_rad": 1.047198,
      "fov_y_rad": 0.628029,
      "tanfovx": 0.57735,
      "tanfovy": 0.32476,
      "camera_center": [
        -5.099391937255859,
        -6.1641058921813965,
        0.0
      ],
      "viewmatrix": [
        [
          0.7705132365226746,
          -0.6374239921569824,
          0.0,
          0.0
        ],
        [
          0.0,
          0.0,
          1.0,
          0.0
        ],
        [
          -0.6374239921569824,
          -0.7705132365226746,
          0.0,
          -8.0
        ],
        [
          0.0,
          0.0,
          0.0,
          1.0
        ]
      ],
      "fx": 1662.7688,
      "fy": 1662.7688,
      "cx": 960.0,
      "cy": 540.0
    },
    {
      "image_width": 1920,
      "image_height": 1080,
      "fov_x_rad": 1.047198,
      "fov_y_rad": 0.628029,
      "tanfovx": 0.57735,
      "tanfovy": 0.32476,
      "camera_center": [
        -4.286614418029785,
        -6.7546234130859375,
        0.0
      ],
      "viewmatrix": [
        [
          0.8443279266357422,
          -0.5358268022537231,
          0.0,
          0.0
        ],
        [
          0.0,
          0.0,
          1.0,
          0.0
        ],
        [
          -0.5358268022537231,
          -0.8443279266357422,
          0.0,
          -8.0
        ],
        [
          0.0,
          0.0,
          0.0,
          1.0
        ]
      ],
      "fx": 1662.7688,
      "fy": 1662.7688,
      "cx": 960.0,
      "cy": 540.0
    },
    {
      "image_width": 1920,
      "image_height": 1080,
      "fov_x_rad": 1.047198,
      "fov_y_rad": 0.628029,
      "tanfovx": 0.57735,
      "tanfovy": 0.32476,
      "camera_center": [
        -3.4062342643737793,
        -7.238616466522217,
        0.0
      ],
      "viewmatrix": [
        [
          0.9048270583152771,
          -0.4257792830467224,
          0.0,
          0.0
        ],
        [
          0.0,
          0.0,
          1.0,
          0.0
        ],
        [
          -0.4257792830467224,
          -0.9048270583152771,
          0.0,
          -8.0
        ],
        [
          0.0,
          0.0,
          0.0,
          1.0
        ]
      ],
      "fx": 1662.7688,
      "fy": 1662.7688,
      "cx": 960.0,
      "cy": 540.0
    },
    {
      "image_width": 1920,
      "image_height": 1080,
      "fov_x_rad": 1.047198,
      "fov_y_rad": 0.628029,
      "tanfovx": 0.57735,
      "tanfovy": 0.32476,
      "camera_center": [
        -2.4721360206604004,
        -7.608452320098877,
        0.0
      ],
      "viewmatrix": [
        [
          0.9510565400123596,
          -0.30901700258255005,
          0.0,
          0.0
        ],
        [
          0.0,
          0.0,
          1.0,
          0.0
        ],
        [
          -0.30901700258255005,
          -0.9510565400123596,
          0.0,
          -8.0
        ],
        [
          0.0,
          0.0,
          0.0,
          1.0
        ]
      ],
      "fx": 1662.7688,
      "fy": 1662.7688,
      "cx": 960.0,
      "cy": 540.0
    },
    {
      "image_width": 1920,
      "image_height": 1080,
      "fov_x_rad": 1.047198,
      "fov_y_rad": 0.628029,
      "tanfovx": 0.57735,
      "tanfovy": 0.32476,
      "camera_center": [
        -1.499050498008728,
        -7.858297824859619,
        0.0
      ],
      "viewmatrix": [
        [
          0.9822872281074524,
          -0.187381312251091,
          0.0,
          0.0
        ],
        [
          0.0,
          0.0,
          1.0,
          0.0
        ],
        [
          -0.187381312251091,
          -0.9822872281074524,
          0.0,
          -8.0
        ],
        [
          0.0,
          0.0,
          0.0,
          1.0
        ]
      ],
      "fx": 1662.7688,
      "fy": 1662.7688,
      "cx": 960.0,
      "cy": 540.0
    },
    {
      "image_width": 1920,
      "image_height": 1080,
      "fov_x_rad": 1.047198,
      "fov_y_rad": 0.628029,
      "tanfovx": 0.57735,
      "tanfovy": 0.32476,
      "camera_center": [
        -0.5023241639137268,
        -7.984213829040527,
        0.0
      ],
      "viewmatrix": [
        [
          0.9980267286300659,
          -0.06279052048921585,
          0.0,
          0.0
        ],
        [
          0.0,
          0.0,
          1.0,
          0.0
        ],
        [
          -0.06279052048921585,
          -0.9980267286300659,
          0.0,
          -8.0
        ],
        [
          0.0,
          0.0,
          0.0,
          1.0
        ]
      ],
      "fx": 1662.7688,
      "fy": 1662.7688,
      "cx": 960.0,
      "cy": 540.0
    },
    {
      "image_width": 1920,
      "image_height": 1080,
      "fov_x_rad": 1.047198,
      "fov_y_rad": 0.628029,
      "tanfovx": 0.57735,
      "tanfovy": 0.32476,
      "camera_center": [
        0.5023241639137268,
        -7.984213829040527,
        0.0
      ],
      "viewmatrix": [
        [
          0.9980267286300659,
          0.06279052048921585,
          -0.0,
          0.0
        ],
        [
          0.0,
          0.0,
          1.0,
          0.0
        ],
        [
          0.06279052048921585,
          -0.9980267286300659,
          0.0,
          -8.0
        ],
        [
          0.0,
          0.0,
          0.0,
          1.0
        ]
      ],
      "fx": 1662.7688,
      "fy": 1662.7688,
      "cx": 960.0,
      "cy": 540.0
    },
    {
      "image_width": 1920,
      "image_height": 1080,
      "fov_x_rad": 1.047198,
      "fov_y_rad": 0.628029,
      "tanfovx": 0.57735,
      "tanfovy": 0.32476,
      "camera_center": [
        1.499050498008728,
        -7.858297824859619,
        0.0
      ],
      "viewmatrix": [
        [
          0.9822872281074524,
          0.187381312251091,
          -0.0,
          0.0
        ],
        [
          0.0,
          0.0,
          1.0,
          0.0
        ],
        [
          0.187381312251091,
          -0.9822872281074524,
          0.0,
          -8.0
        ],
        [
          0.0,
          0.0,
          0.0,
          1.0
        ]
      ],
      "fx": 1662.7688,
      "fy": 1662.7688,
      "cx": 960.0,
      "cy": 540.0
    },
    {
      "image_width": 1920,
      "image_height": 1080,
      "fov_x_rad": 1.047198,
      "fov_y_rad": 0.628029,
      "tanfovx": 0.57735,
      "tanfovy": 0.32476,
      "camera_center": [
        2.4721360206604004,
        -7.608452320098877,
        0.0
      ],
      "viewmatrix": [
        [
          0.9510565400123596,
          0.30901700258255005,
          -0.0,
          0.0
        ],
        [
          0.0,
          0.0,
          1.0,
          0.0
        ],
        [
          0.30901700258255005,
          -0.9510565400123596,
          0.0,
          -8.0
        ],
        [
          0.0,
          0.0,
          0.0,
          1.0
        ]
      ],
      "fx": 1662.7688,
      "fy": 1662.7688,
      "cx": 960.0,
      "cy": 540.0
    },
    {
      "image_width": 1920,
      "image_height": 1080,
      "fov_x_rad": 1.047198,
      "fov_y_rad": 0.628029,
      "tanfovx": 0.57735,
      "tanfovy": 0.32476,
      "camera_center": [
        3.4062342643737793,
        -7.238616466522217,
        0.0
      ],
      "viewmatrix": [
        [
          0.9048270583152771,
          0.4257792830467224,
          -0.0,
          0.0
        ],
        [
          0.0,
          0.0,
          1.0,
          0.0
        ],
        [
          0.4257792830467224,
          -0.9048270583152771,
          0.0,
          -8.0
        ],
        [
          0.0,
          0.0,
          0.0,
          1.0
        ]
      ],
      "fx": 1662.7688,
      "fy": 1662.7688,
      "cx": 960.0,
      "cy": 540.0
    },
    {
      "image_width": 1920,
      "image_height": 1080,
      "fov_x_rad": 1.047198,
      "fov_y_rad": 0.628029,
      "tanfovx": 0.57735,
      "tanfovy": 0.32476,
      "camera_center": [
        4.286614418029785,
        -6.7546234130859375,
        0.0
      ],
      "viewmatrix": [
        [
          0.8443279266357422,
          0.5358268022537231,
          -0.0,
          0.0
        ],
        [
          0.0,
          0.0,
          1.0,
          0.0
        ],
        [
          0.5358268022537231,
          -0.8443279266357422,
          0.0,
          -8.0
        ],
        [
          0.0,
          0.0,
          0.0,
          1.0
        ]
      ],
      "fx": 1662.7688,
      "fy": 1662.7688,
      "cx": 960.0,
      "cy": 540.0
    },
    {
      "image_width": 1920,
      "image_height": 1080,
      "fov_x_rad": 1.047198,
      "fov_y_rad": 0.628029,
      "tanfovx": 0.57735,
      "tanfovy": 0.32476,
      "camera_center": [
        5.099391937255859,
        -6.1641058921813965,
        0.0
      ],
      "viewmatrix": [
        [
          0.7705132365226746,
          0.6374239921569824,
          -0.0,
          0.0
        ],
        [
          0.0,
          0.0,
          1.0,
          0.0
        ],
        [
          0.6374239921569824,
          -0.7705132365226746,
          0.0,
          -8.0
        ],
        [
          0.0,
          0.0,
          0.0,
          1.0
        ]
      ],
      "fx": 1662.7688,
      "fy": 1662.7688,
      "cx": 960.0,
      "cy": 540.0
    },
    {
      "image_width": 1920,
      "image_height": 1080,
      "fov_x_rad": 1.047198,
      "fov_y_rad": 0.628029,
      "tanfovx": 0.57735,
      "tanfovy": 0.32476,
      "camera_center": [
        5.831748962402344,
        -5.476377010345459,
        0.0
      ],
      "viewmatrix": [
        [
          0.6845471262931824,
          0.728968620300293,
          -0.0,
          0.0
        ],
        [
          0.0,
          0.0,
          1.0,
          0.0
        ],
        [
          0.728968620300293,
          -0.6845471262931824,
          0.0,
          -8.0
        ],
        [
          0.0,
          0.0,
          0.0,
          1.0
        ]
      ],
      "fx": 1662.7688,
      "fy": 1662.7688,
      "cx": 960.0,
      "cy": 540.0
    },
    {
      "image_width": 1920,
      "image_height": 1080,
      "fov_x_rad": 1.047198,
      "fov_y_rad": 0.628029,
      "tanfovx": 0.57735,
      "tanfovy": 0.32476,
      "camera_center": [
        6.4721360206604,
        -4.702281951904297,
        0.0
      ],
      "viewmatrix": [
        [
          0.5877852439880371,
          0.80901700258255,
          -0.0,
          0.0
        ],
        [
          0.0,
          0.0,
          1.0,
          0.0
        ],
        [
          0.80901700258255,
          -0.5877852439880371,
          0.0,
          -8.0
        ],
        [
          0.0,
          0.0,
          0.0,
          1.0
        ]
      ],
      "fx": 1662.7688,
      "fy": 1662.7688,
      "cx": 960.0,
      "cy": 540.0
    },
    {
      "image_width": 1920,
      "image_height": 1080,
      "fov_x_rad": 1.047198,
      "fov_y_rad": 0.628029,
      "tanfovx": 0.57735,
      "tanfovy": 0.32476,
      "camera_center": [
        7.010453224182129,
        -3.854029417037964,
        0.0
      ],
      "viewmatrix": [
        [
          0.48175370693206787,
          0.8763067126274109,
          -0.0,
          0.0
        ],
        [
          0.0,
          0.0,
          1.0000001192092896,
          0.0
        ],
        [
          0.8763067126274109,
          -0.48175370693206787,
          0.0,
          -8.0
        ],
        [
          0.0,
          0.0,
          0.0,
          1.0
        ]
      ],
      "fx": 1662.7688,
      "fy": 1662.7688,
      "cx": 960.0,
      "cy": 540.0
    },
    {
      "image_width": 1920,
      "image_height": 1080,
      "fov_x_rad": 1.047198,
      "fov_y_rad": 0.628029,
      "tanfovx": 0.57735,
      "tanfovy": 0.32476,
      "camera_center": [
        7.438211917877197,
        -2.9449963569641113,
        0.0
      ],
      "viewmatrix": [
        [
          0.3681245446205139,
          0.9297764897346497,
          -0.0,
          0.0
        ],
        [
          0.0,
          0.0,
          1.0,
          0.0
        ],
        [
          0.9297764897346497,
          -0.3681245446205139,
          0.0,
          -8.0
        ],
        [
          0.0,
          0.0,
          0.0,
          1.0
        ]
      ],
      "fx": 1662.7688,
      "fy": 1662.7688,
      "cx": 960.0,
      "cy": 540.0
    },
    {
      "image_width": 1920,
      "image_height": 1080,
      "fov_x_rad": 1.047198,
      "fov_y_rad": 0.628029,
      "tanfovx": 0.57735,
      "tanfovy": 0.32476,
      "camera_center": [
        7.7486653327941895,
        -1.9895191192626953,
        0.0
      ],
      "viewmatrix": [
        [
          0.24868988990783691,
          0.9685831665992737,
          -0.0,
          0.0
        ],
        [
          0.0,
          0.0,
          1.0,
          0.0
        ],
        [
          0.9685831665992737,
          -0.24868988990783691,
          0.0,
          -8.0
        ],
        [
          0.0,
          0.0,
          0.0,
          1.0
        ]
      ],
      "fx": 1662.7688,
      "fy": 1662.7688,
      "cx": 960.0,
      "cy": 540.0
    },
    {
      "image_width": 1920,
      "image_height": 1080,
      "fov_x_rad": 1.047198,
      "fov_y_rad": 0.628029,
      "tanfovx": 0.57735,
      "tanfovy": 0.32476,
      "camera_center": [
        7.936917781829834,
        -1.0026658773422241,
        0.0
      ],
      "viewmatrix": [
        [
          0.12533323466777802,
          0.9921147227287292,
          -0.0,
          0.0
        ],
        [
          0.0,
          0.0,
          1.0,
          0.0
        ],
        [
          0.9921147227287292,
          -0.12533323466777802,
          0.0,
          -8.0
        ],
        [
          0.0,
          0.0,
          0.0,
          1.0
        ]
      ],
      "fx": 1662.7688,
      "fy": 1662.7688,
      "cx": 960.0,
      "cy": 540.0
    }
  ],
  "metadata": {
    "name": "circle",
    "num_cameras": 50,
    "radius": "8m"
  }
}