{
  "cameras": [
    {
      "image_width": 1920,
      "image_height": 1080,
      "fov_x_rad": 1.047198,
      "fov_y_rad": 0.628029,
      "tanfovx": 0.57735,
      "tanfovy": 0.32476,
      "camera_center": [
        19.621204376220703,
        1.7166330814361572,
        3.472963571548462
      ],
      "viewmatrix": [
        [
          -0.08715575933456421,
          0.9961947202682495,
          0.0,
          2.384185791015625e-07
        ],
        [
          -0.17298740148544312,
          -0.015134438872337341,
          0.9848077297210693,
          0.0
        ],
        [
          0.9810602068901062,
          0.0858316570520401,
          0.1736481785774231,
          -19.999996185302734
        ],
        [
          0.0,
          0.0,
          0.0,
          1.0
        ]
      ],
      "fx": 1662.7688,
      "fy": 1662.7688,
      "cx": 960.0,
      "cy": 540.0
    },
    {
      "image_width": 1920,
      "image_height": 1080,
      "fov_x_rad": 1.047198,
      "fov_y_rad": 0.628029,
      "tanfovx": 0.57735,
      "tanfovy": 0.32476,
      "camera_center": [
        19.138648986816406,
        1.6163972616195679,
        3.2676117420196533
      ],
      "viewmatrix": [
        [
          -0.08415761590003967,
          0.9964524507522583,
          0.0,
          0.0
        ],
        [
          -0.16712312400341034,
          -0.014114756137132645,
          0.9858350157737732,
          -2.384185791015625e-07
        ],
        [
          0.9823377132415771,
          0.08296552300453186,
          0.16771811246871948,
          -19.48276138305664
        ],
        [
          0.0,
          0.0,
          0.0,
          1.0
        ]
      ],
      "fx": 1662.7688,
      "fy": 1662.7688,
      "cx": 960.0,
      "cy": 540.0
    },
    {
      "image_width": 1920,
      "image_height": 1080,
      "fov_x_rad": 1.047198,
      "fov_y_rad": 0.628029,
      "tanfovx": 0.57735,
      "tanfovy": 0.32476,
      "camera_center": [
        18.6539363861084,
        1.5189403295516968,
        3.068279266357422
      ],
      "viewmatrix": [
        [
          -0.08115872740745544,
          0.996701180934906,
          0.0,
          1.1920928955078125e-07
        ],
        [
          -0.1612483114004135,
          -0.013130021281540394,
          0.986826479434967,
          2.384185791015625e-07
        ],
        [
          0.9835711717605591,
          0.08008958399295807,
          0.16178199648857117,
          -18.965517044067383
        ],
        [
          0.0,
          0.0,
          0.0,
          1.0
        ]
      ],
      "fx": 1662.7688,
      "fy": 1662.7688,
      "cx": 960.0,
      "cy": 540.0
    },
    {
      "image_width": 1920,
      "image_height": 1080,
      "fov_x_rad": 1.047198,
      "fov_y_rad": 0.628029,
      "tanfovx": 0.57735,
      "tanfovy": 0.32476,
      "camera_center": [
        18.16713523864746,
        1.4242839813232422,
        2.8749794960021973
      ],
      "viewmatrix": [
        [
          -0.07815910130739212,
          0.9969409108161926,
          0.0,
          0.0
        ],
        [
          -0.1553632766008377,
          -0.01218031533062458,
          0.9877822995185852,
          2.384185791015625e-07
        ],
        [
          0.984760582447052,
          0.07720417529344559,
          0.15584000945091248,
          -18.448274612426758
        ],
        [
          0.0,
          0.0,
          0.0,
          1.0
        ]
      ],
      "fx": 1662.7688,
      "fy": 1662.7688,
      "cx": 960.0,
      "cy": 540.0
    },
    {
      "image_width": 1920,
      "image_height": 1080,
      "fov_x_rad": 1.047198,
      "fov_y_rad": 0.628029,
      "tanfovx": 0.57735,
      "tanfovy": 0.32476,
      "camera_center": [
        17.678312301635742,
        1.3324488401412964,
        2.687725305557251
      ],
      "viewmatrix": [
        [
          -0.07515876740217209,
          0.9971715807914734,
          0.0,
          0.0
        ],
        [
          -0.14946840703487396,
          -0.011265724897384644,
          0.9887022376060486,
          2.384185791015625e-07
        ],
        [
          0.9859057664871216,
          0.07430963963270187,
          0.14989235997200012,
          -17.931034088134766
        ],
        [
          0.0,
          0.0,
          0.0,
          1.0
        ]
      ],
      "fx": 1662.7688,
      "fy": 1662.7688,
      "cx": 960.0,
      "cy": 540.0
    },
    {
      "image_width": 1920,
      "image_height": 1080,
      "fov_x_rad": 1.047198,
      "fov_y_rad": 0.628029,
      "tanfovx": 0.57735,
      "tanfovy": 0.32476,
      "camera_center": [
        17.18753433227539,
        1.2434552907943726,
        2.5065293312072754
      ],
      "viewmatrix": [
        [
          -0.07215775549411774,
          0.9973932504653931,
          0.0,
          0.0
        ],
        [
          -0.14356409013271332,
          -0.010386336594820023,
          0.9895865321159363,
          0.0
        ],
        [
          0.9870069026947021,
          0.07140634208917618,
          0.1439393013715744,
          -17.413793563842773
        ],
        [
          0.0,
          0.0,
          0.0,
          1.0
        ]
      ],
      "fx": 1662.7688,
      "fy": 1662.7688,
      "cx": 960.0,
      "cy": 540.0
    },
    {
      "image_width": 1920,
      "image_height": 1080,
      "fov_x_rad": 1.047198,
      "fov_y_rad": 0.628029,
      "tanfovx": 0.57735,
      "tanfovy": 0.32476,
      "camera_center": [
        16.694868087768555,
        1.157322645187378,
        2.3314037322998047
      ],
      "viewmatrix": [
        [
          -0.06915609538555145,
          0.9976058602333069,
          0.0,
          0.0
        ],
        [
          -0.13765069842338562,
          -0.009542230516672134,
          0.9904348850250244,
          2.384185791015625e-07
        ],
        [
          0.988063633441925,
          0.06849461048841476,
          0.13798104226589203,
          -16.89655303955078
        ],
        [
          0.0,
          0.0,
          0.0,
          1.0
        ]
      ],
      "fx": 1662.7688,
      "fy": 1662.7688,
      "cx": 960.0,
      "cy": 540.0
    },
    {
      "image_width": 1920,
      "image_height": 1080,
      "fov_x_rad": 1.047198,
      "fov_y_rad": 0.628029,
      "tanfovx": 0.57735,
      "tanfovy": 0.32476,
      "camera_center": [
        16.200382232666016,
        1.074069619178772,
        2.1623599529266357
      ],
      "viewmatrix": [
        [
          -0.06615379452705383,
          0.9978094100952148,
          0.0,
          0.0
        ],
        [
          -0.13172855973243713,
          -0.0087334755808115,
          0.991247296333313,
          -2.384185791015625e-07
        ],
        [
          0.9890759587287903,
          0.0655747726559639,
          0.13201776146888733,
          -16.379310607910156
        ],
        [
          0.0,
          0.0,
          0.0,
          1.0
        ]
      ],
      "fx": 1662.7688,
      "fy": 1662.7688,
      "cx": 960.0,
      "cy": 540.0
    },
    {
      "image_width": 1920,
      "image_height": 1080,
      "fov_x_rad": 1.047198,
      "fov_y_rad": 0.628029,
      "tanfovx": 0.57735,
      "tanfovy": 0.32476,
      "camera_center": [
        15.704143524169922,
        0.9937143325805664,
        1.9994091987609863
      ],
      "viewmatrix": [
        [
          -0.06315090507268906,
          0.9980040192604065,
          0.0,
          0.0
        ],
        [
          -0.12579812109470367,
          -0.007960153743624687,
          0.9920238852500916,
          1.1920928955078125e-07
        ],
        [
          0.9900438189506531,
          0.06264720857143402,
          0.1260497123003006,
          -15.862068176269531
        ],
        [
          0.0,
          0.0,
          0.0,
          1.0
        ]
      ],
      "fx": 1662.7688,
      "fy": 1662.7688,
      "cx": 960.0,
      "cy": 540.0
    },
    {
      "image_width": 1920,
      "image_height": 1080,
      "fov_x_rad": 1.047198,
      "fov_y_rad": 0.628029,
      "tanfovx": 0.57735,
      "tanfovy": 0.32476,
      "camera_center": [
        15.206220626831055,
        0.9162741899490356,
        1.842562198638916
      ],
      "viewmatrix": [
        [
          -0.060147445648908615,
          0.9981895089149475,
          0.0,
          5.960464477539063e-08
        ],
        [
          -0.11985968798398972,
          -0.007222330197691917,
          0.9927645325660706,
          1.1920928955078125e-07
        ],
        [
          0.9909671545028687,
          0.0597122497856617,
          0.12007708847522736,
          -15.344827651977539
        ],
        [
          0.0,
          0.0,
          0.0,
          1.0
        ]
      ],
      "fx": 1662.7688,
      "fy": 1662.7688,
      "cx": 960.0,
      "cy": 540.0
    },
    {
      "image_width": 1920,
      "image_height": 1080,
      "fov_x_rad": 1.047198,
      "fov_y_rad": 0.628029,
      "tanfovx": 0.57735,
      "tanfovy": 0.32476,
      "camera_center": [
        14.706680297851562,
        0.8417657017707825,
        1.6918293237686157
      ],
      "viewmatrix": [
        [
          -0.057143434882164,
          0.9983659386634827,
          0.0,
          0.0
        ],
        [
          -0.11391367763280869,
          -0.006520072929561138,
          0.99346923828125,
          0.0
        ],
        [
          0.9918459057807922,
          0.05677024647593498,
          0.11410012096166611,
          -14.82758617401123
        ],
        [
          0.0,
          0.0,
          0.0,
          1.0
        ]
      ],
      "fx": 1662.7688,
      "fy": 1662.7688,
      "cx": 960.0,
      "cy": 540.0
    },
    {
      "image_width": 1920,
      "image_height": 1080,
      "fov_x_rad": 1.047198,
      "fov_y_rad": 0.628029,
      "tanfovx": 0.57735,
      "tanfovy": 0.32476,
      "camera_center": [
        14.20559310913086,
        0.7702048420906067,
        1.5472204685211182
      ],
      "viewmatrix": [
        [
          -0.0541389063000679,
          0.9985334277153015,
          0.0,
          0.0
        ],
        [
          -0.10796044766902924,
          -0.005853444803506136,
          0.9941379427909851,
          0.0
        ],
        [
          0.9926799535751343,
          0.053821541368961334,
          0.10811901092529297,
          -14.310344696044922
        ],
        [
          0.0,
          0.0,
          0.0,
          1.0
        ]
      ],
      "fx": 1662.7688,
      "fy": 1662.7688,
      "cx": 960.0,
      "cy": 540.0
    },
    {
      "image_width": 1920,
      "image_height": 1080,
      "fov_x_rad": 1.047198,
      "fov_y_rad": 0.628029,
      "tanfovx": 0.57735,
      "tanfovy": 0.32476,
      "camera_center": [
        13.703024864196777,
        0.701606810092926,
        1.4087448120117188
      ],
      "viewmatrix": [
        [
          -0.051133893430233,
          0.9986917972564697,
          0.0,
          5.960464477539063e-08
        ],
        [
          -0.102000392973423,
          -0.005222509149461985,
          0.9947706460952759,
          0.0
        ],
        [
          0.9934692978858948,
          0.050866495817899704,
          0.10213400423526764,
          -13.79310417175293
        ],
        [
          0.0,
          0.0,
          0.0,
          1.0
        ]
      ],
      "fx": 1662.7688,
      "fy": 1662.7688,
      "cx": 960.0,
      "cy": 540.0
    },
    {
      "image_width": 1920,
      "image_height": 1080,
      "fov_x_rad": 1.047198,
      "fov_y_rad": 0.628029,
      "tanfovx": 0.57735,
      "tanfovy": 0.32476,
      "camera_center": [
        13.19904613494873,
        0.6359861493110657,
        1.276411533355713
      ],
      "viewmatrix": [
        [
          -0.048128414899110794,
          0.9988411664962769,
          0.0,
          5.960464477539063e-08
        ],
        [
          -0.09603386372327805,
          -0.004627319984138012,
          0.9953672885894775,
          0.0
        ],
        [
          0.9942138195037842,
          0.04790544882416725,
          0.09614527970552444,
          -13.275861740112305
        ],
        [
          0.0,
          0.0,
          0.0,
          1.0
        ]
      ],
      "fx": 1662.7688,
      "fy": 1662.7688,
      "cx": 960.0,
      "cy": 540.0
    },
    {
      "image_width": 1920,
      "image_height": 1080,
      "fov_x_rad": 1.047198,
      "fov_y_rad": 0.628029,
      "tanfovx": 0.57735,
      "tanfovy": 0.32476,
      "camera_center": [
        12.693724632263184,
        0.573356568813324,
        1.1502289772033691
      ],
      "viewmatrix": [
        [
          -0.045122504234313965,
          0.9989814758300781,
          0.0,
          5.960464477539063e-08
        ],
        [
          -0.090061254799366,
          -0.0040679327212274075,
          0.9959279298782349,
          0.0
        ],
        [
          0.9949135184288025,
          0.04493875801563263,
          0.09015307575464249,
          -12.758621215820312
        ],
        [
          0.0,
          0.0,
          0.0,
          1.0
        ]
      ],
      "fx": 1662.7688,
      "fy": 1662.7688,
      "cx": 960.0,
      "cy": 540.0
    },
    {
      "image_width": 1920,
      "image_height": 1080,
      "fov_x_rad": 1.047198,
      "fov_y_rad": 0.628029,
      "tanfovx": 0.57735,
      "tanfovy": 0.32476,
      "camera_center": [
        12.187129020690918,
        0.5137311220169067,
        1.030205249786377
      ],
      "viewmatrix": [
        [
          -0.042116180062294006,
          0.9991127252578735,
          0.0,
          0.0
        ],
        [
          -0.0840829461812973,
          -0.003544397419318557,
          0.9964524507522583,
          1.1920928955078125e-07
        ],
        [
          0.9955683350563049,
          0.041966769844293594,
          0.08415761590003967,
          -12.241378784179688
        ],
        [
          0.0,
          0.0,
          0.0,
          1.0
        ]
      ],
      "fx": 1662.7688,
      "fy": 1662.7688,
      "cx": 960.0,
      "cy": 540.0
    },
    {
      "image_width": 1920,
      "image_height": 1080,
      "fov_x_rad": 1.047198,
      "fov_y_rad": 0.628029,
      "tanfovx": 0.57735,
      "tanfovy": 0.32476,
      "camera_center": [
        11.679329872131348,
        0.45712217688560486,
        0.9163480997085571
      ],
      "viewmatrix": [
        [
          -0.039109475910663605,
          0.9992349743843079,
          0.0,
          0.0
        ],
        [
          -0.0780993103981018,
          -0.0030567615758627653,
          0.9969408512115479,
          5.960464477539063e-08
        ],
        [
          0.9961780905723572,
          0.0389898307621479,
          0.07815910130739212,
          -11.724136352539062
        ],
        [
          0.0,
          0.0,
          0.0,
          1.0
        ]
      ],
      "fx": 1662.7688,
      "fy": 1662.7688,
      "cx": 960.0,
      "cy": 540.0
    },
    {
      "image_width": 1920,
      "image_height": 1080,
      "fov_x_rad": 1.047198,
      "fov_y_rad": 0.628029,
      "tanfovx": 0.57735,
      "tanfovy": 0.32476,
      "camera_center": [
        11.170395851135254,
        0.40354132652282715,
        0.8086645007133484
      ],
      "viewmatrix": [
        [
          -0.03610241413116455,
          0.9993481040000916,
          0.0,
          0.0
        ],
        [
          -0.07211071997880936,
          -0.0026050694286823273,
          0.9973933100700378,
          -5.960464477539063e-08
        ],
        [
          0.9967430830001831,
          0.036008305847644806,
          0.07215776294469833,
          -11.206897735595703
        ],
        [
          0.0,
          0.0,
          0.0,
          1.0
        ]
      ],
      "fx": 1662.7688,
      "fy": 1662.7688,
      "cx": 960.0,
      "cy": 540.0
    },
    {
      "image_width": 1920,
      "image_height": 1080,
      "fov_x_rad": 1.047198,
      "fov_y_rad": 0.628029,
      "tanfovx": 0.57735,
      "tanfovy": 0.32476,
      "camera_center": [
        10.660395622253418,
        0.3529994785785675,
        0.7071613073348999
      ],
      "viewmatrix": [
        [
          -0.03309502825140953,
          0.9994522333145142,
          0.0,
          -2.9802322387695312e-08
        ],
        [
          -0.06611756235361099,
          -0.0021893619559705257,
          0.9978094100952148,
          0.0
        ],
        [
          0.9972627758979797,
          0.03302253037691116,
          0.06615380197763443,
          -10.689654350280762
        ],
        [
          0.0,
          0.0,
          0.0,
          1.0
        ]
      ],
      "fx": 1662.7688,
      "fy": 1662.7688,
      "cx": 960.0,
      "cy": 540.0
    },
    {
      "image_width": 1920,
      "image_height": 1080,
      "fov_x_rad": 1.047198,
      "fov_y_rad": 0.628029,
      "tanfovx": 0.57735,
      "tanfovy": 0.32476,
      "camera_center": [
        10.149399757385254,
        0.30550676584243774,
        0.6118446588516235
      ],
      "viewmatrix": [
        [
          -0.030087340623140335,
          0.9995472431182861,
          0.0,
          0.0
        ],
        [
          -0.06012021005153656,
          -0.0018096765270456672,
          0.9981894493103027,
          5.960464477539063e-08
        ],
        [
          0.9977375864982605,
          0.030032867565751076,
          0.06014744192361832,
          -10.17241382598877
        ],
        [
          0.0,
          0.0,
          0.0,
          1.0
        ]
      ],
      "fx": 1662.7688,
      "fy": 1662.7688,
      "cx": 960.0,
      "cy": 540.0
    },
    {
      "image_width": 1920,
      "image_height": 1080,
      "fov_x_rad": 1.047198,
      "fov_y_rad": 0.628029,
      "tanfovx": 0.57735,
      "tanfovy": 0.32476,
      "camera_center": [
        9.637476921081543,
        0.26107266545295715,
        0.5227205157279968
      ],
      "viewmatrix": [
        [
          -0.0270793829113245,
          0.9996333122253418,
          0.0,
          0.0
        ],
        [
          -0.0541190579533577,
          -0.0014660482993349433,
          0.9985334873199463,
          -5.960464477539063e-08
        ],
        [
          0.9981672763824463,
          0.027039669454097748,
          0.0541389100253582,
          -9.655172348022461
        ],
        [
          0.0,
          0.0,
          0.0,
          1.0
        ]
      ],
      "fx": 1662.7688,
      "fy": 1662.7688,
      "cx": 960.0,
      "cy": 540.0
    },
    {
      "image_width": 1920,
      "image_height": 1080,
      "fov_x_rad": 1.047198,
      "fov_y_rad": 0.628029,
      "tanfovx": 0.57735,
      "tanfovy": 0.32476,
      "camera_center": [
        9.124696731567383,
        0.21970589458942413,
        0.43979412317276
      ],
      "viewmatrix": [
        [
          -0.024071181192994118,
          0.999710202217102,
          0.0,
          0.0
        ],
        [
          -0.04811446741223335,
          -0.0011585077736526728,
          0.9988411068916321,
          2.9802322387695312e-08
        ],
        [
          0.9985517263412476,
          0.024043286219239235,
          0.048128414899110794,
          -9.137930870056152
        ],
        [
          0.0,
          0.0,
          0.0,
          1.0
        ]
      ],
      "fx": 1662.7688,
      "fy": 1662.7688,
      "cx": 960.0,
      "cy": 540.0
    },
    {
      "image_width": 1920,
      "image_height": 1080,
      "fov_x_rad": 1.047198,
      "fov_y_rad": 0.628029,
      "tanfovx": 0.57735,
      "tanfovy": 0.32476,
      "camera_center": [
        8.611129760742188,
        0.1814144104719162,
        0.3630704879760742
      ],
      "viewmatrix": [
        [
          -0.021062759682536125,
          0.999778151512146,
          0.0,
          0.0
        ],
        [
          -0.042106833308935165,
          -0.0008870828896760941,
          0.9991126656532288,
          0.0
        ],
        [
          0.9988910555839539,
          0.02104407176375389,
          0.04211617633700371,
          -8.620689392089844
        ],
        [
          0.0,
          0.0,
          0.0,
          1.0
        ]
      ],
      "fx": 1662.7688,
      "fy": 1662.7688,
      "cx": 960.0,
      "cy": 540.0
    },
    {
      "image_width": 1920,
      "image_height": 1080,
      "fov_x_rad": 1.047198,
      "fov_y_rad": 0.628029,
      "tanfovx": 0.57735,
      "tanfovy": 0.32476,
      "camera_center": [
        8.096845626831055,
        0.14620548486709595,
        0.2925540506839752
      ],
      "viewmatrix": [
        [
          -0.01805415004491806,
          0.9998370409011841,
          0.0,
          1.4901161193847656e-08
        ],
        [
          -0.03609653562307358,
          -0.0006517984438687563,
          0.9993481636047363,
          2.9802322387695312e-08
        ],
        [
          0.9991852641105652,
          0.01804237999022007,
          0.03610241785645485,
          -8.103448867797852
        ],
        [
          0.0,
          0.0,
          0.0,
          1.0
        ]
      ],
      "fx": 1662.7688,
      "fy": 1662.7688,
      "cx": 960.0,
      "cy": 540.0
    },
    {
      "image_width": 1920,
      "image_height": 1080,
      "fov_x_rad": 1.047198,
      "fov_y_rad": 0.628029,
      "tanfovx": 0.57735,
      "tanfovy": 0.32476,
      "camera_center": [
        7.581913948059082,
        0.11408564448356628,
        0.22824880480766296
      ],
      "viewmatrix": [
        [
          -0.01504537370055914,
          0.9998868107795715,
          0.0,
          -7.450580596923828e-09
        ],
        [
          -0.03008393757045269,
          -0.00045267530367709696,
          0.9995472431182861,
          1.4901161193847656e-08
        ],
        [
          0.9994341135025024,
          0.015038562007248402,
          0.030087342485785484,
          -7.586206436157227
        ],
        [
          0.0,
          0.0,
          0.0,
          1.0
        ]
      ],
      "fx": 1662.7688,
      "fy": 1662.7688,
      "cx": 960.0,
      "cy": 540.0
    },
    {
      "image_width": 1920,
      "image_height": 1080,
      "fov_x_rad": 1.047198,
      "fov_y_rad": 0.628029,
      "tanfovx": 0.57735,
      "tanfovy": 0.32476,
      "camera_center": [
        7.066405296325684,
        0.08506068587303162,
        0.17015835642814636
      ],
      "viewmatrix": [
        [
          -0.012036463245749474,
          0.9999275803565979,
          0.0,
          0.0
        ],
        [
          -0.024069439619779587,
          -0.00028973192092962563,
          0.9997102618217468,
          1.4901161193847656e-08
        ],
        [
          0.9996378421783447,
          0.012032975442707539,
          0.024071183055639267,
          -7.068965911865234
        ],
        [
          0.0,
          0.0,
          0.0,
          1.0
        ]
      ],
      "fx": 1662.7688,
      "fy": 1662.7688,
      "cx": 960.0,
      "cy": 540.0
    },
    {
      "image_width": 1920,
      "image_height": 1080,
      "fov_x_rad": 1.047198,
      "fov_y_rad": 0.628029,
      "tanfovx": 0.57735,
      "tanfovy": 0.32476,
      "camera_center": [
        6.550389289855957,
        0.05913567170500755,
        0.11828580498695374
      ],
      "viewmatrix": [
        [
          -0.009027441963553429,
          0.9999592304229736,
          0.0,
          -3.725290298461914e-09
        ],
        [
          -0.018053412437438965,
          -0.00016298277478199452,
          0.9998369216918945,
          7.450580596923828e-09
        ],
        [
          0.9997962117195129,
          0.009025970473885536,
          0.01805414818227291,
          -6.551723957061768
        ],
        [
          0.0,
          0.0,
          0.0,
          1.0
        ]
      ],
      "fx": 1662.7688,
      "fy": 1662.7688,
      "cx": 960.0,
      "cy": 540.0
    },
    {
      "image_width": 1920,
      "image_height": 1080,
      "fov_x_rad": 1.047198,
      "fov_y_rad": 0.628029,
      "tanfovx": 0.57735,
      "tanfovy": 0.32476,
      "camera_center": [
        6.033936500549316,
        0.0363149419426918,
        0.07263382524251938
      ],
      "viewmatrix": [
        [
          -0.0060183401219546795,
          0.9999818801879883,
          0.0,
          0.0
        ],
        [
          -0.012036244384944439,
          -7.243952131830156e-05,
          0.9999275803565979,
          0.0
        ],
        [
          0.9999094605445862,
          0.0060179042629897594,
          0.012036462314426899,
          -6.034482479095459
        ],
        [
          0.0,
          0.0,
          0.0,
          1.0
        ]
      ],
      "fx": 1662.7688,
      "fy": 1662.7688,
      "cx": 960.0,
      "cy": 540.0
    },
    {
      "image_width": 1920,
      "image_height": 1080,
      "fov_x_rad": 1.047198,
      "fov_y_rad": 0.628029,
      "tanfovx": 0.57735,
      "tanfovy": 0.32476,
      "camera_center": [
        5.517116546630859,
        0.01660209335386753,
        0.033204637467861176
      ],
      "viewmatrix": [
        [
          -0.0030091837979853153,
          0.9999954700469971,
          0.0,
          -1.862645149230957e-09
        ],
        [
          -0.006018313113600016,
          -1.8110293240169995e-05,
          0.9999818801879883,
          3.725290298461914e-09
        ],
        [
          0.9999773502349854,
          0.0030091293156147003,
          0.006018340587615967,
          -5.517241477966309
        ],
        [
          0.0,
          0.0,
          0.0,
          1.0
        ]
      ],
      "fx": 1662.7688,
      "fy": 1662.7688,
      "cx": 960.0,
      "cy": 540.0
    },
    {
      "image_width": 1920,
      "image_height": 1080,
      "fov_x_rad": 1.047198,
      "fov_y_rad": 0.628029,
      "tanfovx": 0.57735,
      "tanfovy": 0.32476,
      "camera_center": [
        5.0,
        0.0,
        0.0
      ],
      "viewmatrix": [
        [
          0.0,
          1.0,
          0.0,
          0.0
        ],
        [
          0.0,
          0.0,
          1.0,
          0.0
        ],
        [
          1.0,
          0.0,
          0.0,
          -5.0
        ],
        [
          0.0,
          0.0,
          0.0,
          1.0
        ]
      ],
      "fx": 1662.7688,
      "fy": 1662.7688,
      "cx": 960.0,
      "cy": 540.0
    }
  ],
  "metadata": {
    "name": "flythrough",
    "num_cameras": 30,
    "path": "front-to-back linear"
  }
}