{
  "cameras": [
    {
      "id": 0,
      "image_width": 1920,
      "image_height": 1080,
      "fov_x_rad": 1.047198,
      "fov_y_rad": 0.628029,
      "tanfovx": 0.57735,
      "tanfovy": 0.32476,
      "camera_center": [
        8.154288291931152,
        -0.2046501636505127,
        1.1096946001052856
      ],
      "viewmatrix": [
        [
          0.025089344009757042,
          0.9996852278709412,
          -0.0,
          0.0
        ],
        [
          0.13476021587848663,
          -0.003382110269740224,
          -0.9908725023269653,
          1.1920928955078125e-07
        ],
        [
          -0.9905605912208557,
          0.024860341101884842,
          -0.1348026543855667,
          8.231993675231934
        ],
        [
          0.0,
          0.0,
          0.0,
          1.0
        ]
      ],
      "fx": 1662.7688,
      "fy": 1662.7688,
      "cx": 960.0,
      "cy": 540.0
    },
    {
      "id": 1,
      "image_width": 1920,
      "image_height": 1080,
      "fov_x_rad": 1.047198,
      "fov_y_rad": 0.628029,
      "tanfovx": 0.57735,
      "tanfovy": 0.32476,
      "camera_center": [
        7.416164875030518,
        1.7299636602401733,
        -0.7886543273925781
      ],
      "viewmatrix": [
        [
          -0.22717048227787018,
          0.9738550186157227,
          0.0,
          0.0
        ],
        [
          -0.10031811892986298,
          -0.023401137441396713,
          -0.9946802258491516,
          -5.960464477539063e-08
        ],
        [
          -0.9686743021011353,
          -0.22596198320388794,
          0.1030113473534584,
          7.655994415283203
        ],
        [
          0.0,
          0.0,
          0.0,
          1.0
        ]
      ],
      "fx": 1662.7688,
      "fy": 1662.7688,
      "cx": 960.0,
      "cy": 540.0
    },
    {
      "id": 2,
      "image_width": 1920,
      "image_height": 1080,
      "fov_x_rad": 1.047198,
      "fov_y_rad": 0.628029,
      "tanfovx": 0.57735,
      "tanfovy": 0.32476,
      "camera_center": [
        7.616506576538086,
        2.6130623817443848,
        0.8881416916847229
      ],
      "viewmatrix": [
        [
          -0.32451197504997253,
          0.9458816051483154,
          0.0,
          -2.384185791015625e-07
        ],
        [
          0.10369892418384552,
          0.03557690605521202,
          -0.9939722418785095,
          0.0
        ],
        [
          -0.9401800036430359,
          -0.32255586981773376,
          -0.10963203012943268,
          8.101115226745605
        ],
        [
          0.0,
          0.0,
          0.0,
          1.0
        ]
      ],
      "fx": 1662.7688,
      "fy": 1662.7688,
      "cx": 960.0,
      "cy": 540.0
    },
    {
      "id": 3,
      "image_width": 1920,
      "image_height": 1080,
      "fov_x_rad": 1.047198,
      "fov_y_rad": 0.628029,
      "tanfovx": 0.57735,
      "tanfovy": 0.32476,
      "camera_center": [
        6.5707011222839355,
        5.204949378967285,
        -1.2139863967895508
      ],
      "viewmatrix": [
        [
          -0.6209335327148438,
          0.7838632464408875,
          0.0,
          0.0
        ],
        [
          -0.11235059052705765,
          -0.088997982442379,
          -0.9896750450134277,
          1.1920928955078125e-07
        ],
        [
          -0.7757698893547058,
          -0.614522397518158,
          0.14332932233810425,
          8.46990966796875
        ],
        [
          0.0,
          0.0,
          0.0,
          1.0
        ]
      ],
      "fx": 1662.7688,
      "fy": 1662.7688,
      "cx": 960.0,
      "cy": 540.0
    },
    {
      "id": 4,
      "image_width": 1920,
      "image_height": 1080,
      "fov_x_rad": 1.047198,
      "fov_y_rad": 0.628029,
      "tanfovx": 0.57735,
      "tanfovy": 0.32476,
      "camera_center": [
        4.731828212738037,
        6.015135288238525,
        -0.6621056199073792
      ],
      "viewmatrix": [
        [
          -0.7859595417976379,
          0.6182779669761658,
          0.0,
          0.0
        ],
        [
          -0.05329011008143425,
          -0.06774278730154037,
          -0.9962785243988037,
          5.960464477539063e-08
        ],
        [
          -0.6159770488739014,
          -0.78303462266922,
          0.08619118481874466,
          7.681824684143066
        ],
        [
          0.0,
          0.0,
          0.0,
          1.0
        ]
      ],
      "fx": 1662.7688,
      "fy": 1662.7688,
      "cx": 960.0,
      "cy": 540.0
    },
    {
      "id": 5,
      "image_width": 1920,
      "image_height": 1080,
      "fov_x_rad": 1.047198,
      "fov_y_rad": 0.628029,
      "tanfovx": 0.57735,
      "tanfovy": 0.32476,
      "camera_center": [
        4.436427116394043,
        6.670306205749512,
        -0.47100165486335754
      ],
      "viewmatrix": [
        [
          -0.8326514959335327,
          0.5537973046302795,
          0.0,
          0.0
        ],
        [
          -0.03250434622168541,
          -0.04887129366397858,
          -0.9982759952545166,
          2.9802322387695312e-08
        ],
        [
          -0.5528426170349121,
          -0.831216037273407,
          0.058693576604127884,
          8.02475643157959
        ],
        [
          0.0,
          0.0,
          0.0,
          1.0
        ]
      ],
      "fx": 1662.7688,
      "fy": 1662.7688,
      "cx": 960.0,
      "cy": 540.0
    },
    {
      "id": 6,
      "image_width": 1920,
      "image_height": 1080,
      "fov_x_rad": 1.047198,
      "fov_y_rad": 0.628029,
      "tanfovx": 0.57735,
      "tanfovy": 0.32476,
      "camera_center": [
        2.606351137161255,
        7.664940357208252,
        -0.5077234506607056
      ],
      "viewmatrix": [
        [
          -0.9467625617980957,
          0.3219327926635742,
          0.0,
          0.0
        ],
        [
          -0.020149875432252884,
          -0.05925816670060158,
          -0.9980392456054688,
          0.0
        ],
        [
          -0.32130154967308044,
          -0.9449061751365662,
          0.06259031593799591,
          8.111852645874023
        ],
        [
          0.0,
          0.0,
          0.0,
          1.0
        ]
      ],
      "fx": 1662.7688,
      "fy": 1662.7688,
      "cx": 960.0,
      "cy": 540.0
    },
    {
      "id": 7,
      "image_width": 1920,
      "image_height": 1080,
      "fov_x_rad": 1.047198,
      "fov_y_rad": 0.628029,
      "tanfovx": 0.57735,
      "tanfovy": 0.32476,
      "camera_center": [
        1.381011724472046,
        7.728658199310303,
        -0.49020180106163025
      ],
      "viewmatrix": [
        [
          -0.984407901763916,
          0.17590101063251495,
          0.0,
          0.0
        ],
        [
          -0.010961483232676983,
          -0.061344560235738754,
          -0.9980564713478088,
          0.0
        ],
        [
          -0.1755591332912445,
          -0.982494592666626,
          0.062316201627254486,
          7.866361618041992
        ],
        [
          0.0,
          0.0,
          0.0,
          1.0
        ]
      ],
      "fx": 1662.7688,
      "fy": 1662.7688,
      "cx": 960.0,
      "cy": 540.0
    },
    {
      "id": 8,
      "image_width": 1920,
      "image_height": 1080,
      "fov_x_rad": 1.047198,
      "fov_y_rad": 0.628029,
      "tanfovx": 0.57735,
      "tanfovy": 0.32476,
      "camera_center": [
        -0.7348286509513855,
        7.6362385749816895,
        0.6579253077507019
      ],
      "viewmatrix": [
        [
          -0.995401918888092,
          -0.0957866683602333,
          0.0,
          0.0
        ],
        [
          -0.008184823207557201,
          0.08505555987358093,
          -0.9963425993919373,
          0.0
        ],
        [
          0.09543633460998535,
          -0.9917612671852112,
          -0.08544845879077911,
          7.699673652648926
        ],
        [
          0.0,
          0.0,
          0.0,
          1.0
        ]
      ],
      "fx": 1662.7688,
      "fy": 1662.7688,
      "cx": 960.0,
      "cy": 540.0
    },
    {
      "id": 9,
      "image_width": 1920,
      "image_height": 1080,
      "fov_x_rad": 1.047198,
      "fov_y_rad": 0.628029,
      "tanfovx": 0.57735,
      "tanfovy": 0.32476,
      "camera_center": [
        -2.3515002727508545,
        7.167677402496338,
        0.20919378101825714
      ],
      "viewmatrix": [
        [
          -0.9501729607582092,
          -0.3117232918739319,
          0.0,
          0.0
        ],
        [
          -0.008641224354505539,
          0.026339571923017502,
          -0.9996157288551331,
          0.0
        ],
        [
          0.31160348653793335,
          -0.9498077630996704,
          -0.027720818296074867,
          7.546450138092041
        ],
        [
          0.0,
          0.0,
          0.0,
          1.0
        ]
      ],
      "fx": 1662.7688,
      "fy": 1662.7688,
      "cx": 960.0,
      "cy": 540.0
    },
    {
      "id": 10,
      "image_width": 1920,
      "image_height": 1080,
      "fov_x_rad": 1.047198,
      "fov_y_rad": 0.628029,
      "tanfovx": 0.57735,
      "tanfovy": 0.32476,
      "camera_center": [
        -3.9034106731414795,
        6.43708610534668,
        -0.7465336322784424
      ],
      "viewmatrix": [
        [
          -0.8550714254379272,
          -0.5185102224349976,
          0.0,
          0.0
        ],
        [
          0.051167573779821396,
          -0.08438006788492203,
          -0.9951190948486328,
          -5.960464477539063e-08
        ],
        [
          0.5159794092178345,
          -0.8508978486061096,
          0.09868189692497253,
          7.565051555633545
        ],
        [
          0.0,
          0.0,
          0.0,
          1.0
        ]
      ],
      "fx": 1662.7688,
      "fy": 1662.7688,
      "cx": 960.0,
      "cy": 540.0
    },
    {
      "id": 11,
      "image_width": 1920,
      "image_height": 1080,
      "fov_x_rad": 1.047198,
      "fov_y_rad": 0.628029,
      "tanfovx": 0.57735,
      "tanfovy": 0.32476,
      "camera_center": [
        -6.031257152557373,
        5.595994472503662,
        1.1568260192871094
      ],
      "viewmatrix": [
        [
          -0.6801600456237793,
          -0.7330636382102966,
          0.0,
          0.0
        ],
        [
          -0.10206867754459381,
          0.09470260143280029,
          -0.9902592897415161,
          1.1920928955078125e-07
        ],
        [
          0.7259230613708496,
          -0.6735347509384155,
          -0.13923576474189758,
          8.30839729309082
        ],
        [
          0.0,
          0.0,
          0.0,
          1.0
        ]
      ],
      "fx": 1662.7688,
      "fy": 1662.7688,
      "cx": 960.0,
      "cy": 540.0
    },
    {
      "id": 12,
      "image_width": 1920,
      "image_height": 1080,
      "fov_x_rad": 1.047198,
      "fov_y_rad": 0.628029,
      "tanfovx": 0.57735,
      "tanfovy": 0.32476,
      "camera_center": [
        -6.3814263343811035,
        5.028717517852783,
        -0.9854268431663513
      ],
      "viewmatrix": [
        [
          -0.6189426183700562,
          -0.7854361534118652,
          0.0,
          -2.384185791015625e-07
        ],
        [
          0.09457085281610489,
          -0.07452411204576492,
          -0.9927247762680054,
          0.0
        ],
        [
          0.7797219753265381,
          -0.6144397258758545,
          0.12040552496910095,
          8.184232711791992
        ],
        [
          0.0,
          0.0,
          0.0,
          1.0
        ]
      ],
      "fx": 1662.7688,
      "fy": 1662.7688,
      "cx": 960.0,
      "cy": 540.0
    },
    {
      "id": 13,
      "image_width": 1920,
      "image_height": 1080,
      "fov_x_rad": 1.047198,
      "fov_y_rad": 0.628029,
      "tanfovx": 0.57735,
      "tanfovy": 0.32476,
      "camera_center": [
        -7.217861652374268,
        3.317678689956665,
        -0.9046199917793274
      ],
      "viewmatrix": [
        [
          -0.41764193773269653,
          -0.9086117148399353,
          0.0,
          0.0
        ],
        [
          0.10280552506446838,
          -0.04725439473986626,
          -0.9935784339904785,
          0.0
        ],
        [
          0.9027770161628723,
          -0.41496002674102783,
          0.11314571648836136,
          7.995177745819092
        ],
        [
          0.0,
          0.0,
          0.0,
          1.0
        ]
      ],
      "fx": 1662.7688,
      "fy": 1662.7688,
      "cx": 960.0,
      "cy": 540.0
    },
    {
      "id": 14,
      "image_width": 1920,
      "image_height": 1080,
      "fov_x_rad": 1.047198,
      "fov_y_rad": 0.628029,
      "tanfovx": 0.57735,
      "tanfovy": 0.32476,
      "camera_center": [
        -7.3505778312683105,
        2.2944493293762207,
        0.9503554701805115
      ],
      "viewmatrix": [
        [
          -0.2979666292667389,
          -0.954576313495636,
          0.0,
          2.384185791015625e-07
        ],
        [
          -0.11692389845848083,
          0.03649726137518883,
          -0.9924700260162354,
          0.0
        ],
        [
          0.9473883509635925,
          -0.29572296142578125,
          -0.12248774617910385,
          7.758780002593994
        ],
        [
          0.0,
          0.0,
          0.0,
          1.0
        ]
      ],
      "fx": 1662.7688,
      "fy": 1662.7688,
      "cx": 960.0,
      "cy": 540.0
    },
    {
      "id": 15,
      "image_width": 1920,
      "image_height": 1080,
      "fov_x_rad": 1.047198,
      "fov_y_rad": 0.628029,
      "tanfovx": 0.57735,
      "tanfovy": 0.32476,
      "camera_center": [
        -8.003046989440918,
        -0.2602263391017914,
        -0.4527861177921295
      ],
      "viewmatrix": [
        [
          0.03249873220920563,
          -0.9994717836380005,
          0.0,
          0.0
        ],
        [
          0.056426819413900375,
          0.0018347692675888538,
          -0.9984050393104553,
          0.0
        ],
        [
          0.9978776574134827,
          0.03244689851999283,
          0.05645664036273956,
          8.020068168640137
        ],
        [
          0.0,
          0.0,
          0.0,
          1.0
        ]
      ],
      "fx": 1662.7688,
      "fy": 1662.7688,
      "cx": 960.0,
      "cy": 540.0
    },
    {
      "id": 16,
      "image_width": 1920,
      "image_height": 1080,
      "fov_x_rad": 1.047198,
      "fov_y_rad": 0.628029,
      "tanfovx": 0.57735,
      "tanfovy": 0.32476,
      "camera_center": [
        -8.230769157409668,
        -1.8300325870513916,
        -0.7995531558990479
      ],
      "viewmatrix": [
        [
          0.21704038977622986,
          -0.9761626124382019,
          0.0,
          0.0
        ],
        [
          0.09215255826711655,
          0.02048923820257187,
          -0.9955341219902039,
          0.0
        ],
        [
          0.9718031883239746,
          0.21607111394405365,
          0.09440287947654724,
          8.469585418701172
        ],
        [
          0.0,
          0.0,
          0.0,
          1.0
        ]
      ],
      "fx": 1662.7688,
      "fy": 1662.7688,
      "cx": 960.0,
      "cy": 540.0
    },
    {
      "id": 17,
      "image_width": 1920,
      "image_height": 1080,
      "fov_x_rad": 1.047198,
      "fov_y_rad": 0.628029,
      "tanfovx": 0.57735,
      "tanfovy": 0.32476,
      "camera_center": [
        -7.404822826385498,
        -3.7978522777557373,
        1.1036511659622192
      ],
      "viewmatrix": [
        [
          0.4563649296760559,
          -0.8897927403450012,
          0.0,
          2.384185791015625e-07
        ],
        [
          -0.11697927117347717,
          -0.05999738350510597,
          -0.9913204312324524,
          0.0
        ],
        [
          0.8820696473121643,
          0.45240384340286255,
          -0.1314679980278015,
          8.394827842712402
        ],
        [
          0.0,
          0.0,
          0.0,
          1.0
        ]
      ],
      "fx": 1662.7688,
      "fy": 1662.7688,
      "cx": 960.0,
      "cy": 540.0
    },
    {
      "id": 18,
      "image_width": 1920,
      "image_height": 1080,
      "fov_x_rad": 1.047198,
      "fov_y_rad": 0.628029,
      "tanfovx": 0.57735,
      "tanfovy": 0.32476,
      "camera_center": [
        -6.002317905426025,
        -4.543117046356201,
        0.9578549265861511
      ],
      "viewmatrix": [
        [
          0.603512167930603,
          -0.7973538041114807,
          0.0,
          2.384185791015625e-07
        ],
        [
          -0.10064572095870972,
          -0.07617812603712082,
          -0.9920017719268799,
          0.0
        ],
        [
          0.790976345539093,
          0.598685085773468,
          -0.12622466683387756,
          7.5884928703308105
        ],
        [
          0.0,
          0.0,
          0.0,
          1.0
        ]
      ],
      "fx": 1662.7688,
      "fy": 1662.7688,
      "cx": 960.0,
      "cy": 540.0
    },
    {
      "id": 19,
      "image_width": 1920,
      "image_height": 1080,
      "fov_x_rad": 1.047198,
      "fov_y_rad": 0.628029,
      "tanfovx": 0.57735,
      "tanfovy": 0.32476,
      "camera_center": [
        -5.528017044067383,
        -5.435444355010986,
        -1.0643150806427002
      ],
      "viewmatrix": [
        [
          0.7011111378669739,
          -0.713051974773407,
          0.0,
          0.0
        ],
        [
          0.0969814583659172,
          0.09535739570856094,
          -0.9907076358795166,
          -1.1920928955078125e-07
        ],
        [
          0.7064260244369507,
          0.6945961713790894,
          0.13600896298885345,
          7.8253302574157715
        ],
        [
          0.0,
          0.0,
          0.0,
          1.0
        ]
      ],
      "fx": 1662.7688,
      "fy": 1662.7688,
      "cx": 960.0,
      "cy": 540.0
    },
    {
      "id": 20,
      "image_width": 1920,
      "image_height": 1080,
      "fov_x_rad": 1.047198,
      "fov_y_rad": 0.628029,
      "tanfovx": 0.57735,
      "tanfovy": 0.32476,
      "camera_center": [
        -4.313746452331543,
        -7.101659774780273,
        -0.5708642601966858
      ],
      "viewmatrix": [
        [
          0.8546794056892395,
          -0.5191561579704285,
          0.0,
          0.0
        ],
        [
          0.035583749413490295,
          0.05858101695775986,
          -0.9976482391357422,
          0.0
        ],
        [
          0.5179352164268494,
          0.8526694178581238,
          0.0685415118932724,
          8.328737258911133
        ],
        [
          0.0,
          0.0,
          0.0,
          1.0
        ]
      ],
      "fx": 1662.7688,
      "fy": 1662.7688,
      "cx": 960.0,
      "cy": 540.0
    },
    {
      "id": 21,
      "image_width": 1920,
      "image_height": 1080,
      "fov_x_rad": 1.047198,
      "fov_y_rad": 0.628029,
      "tanfovx": 0.57735,
      "tanfovy": 0.32476,
      "camera_center": [
        -2.697584390640259,
        -7.558374404907227,
        -0.5281827449798584
      ],
      "viewmatrix": [
        [
          0.9418143630027771,
          -0.33613359928131104,
          0.0,
          0.0
        ],
        [
          0.022074684500694275,
          0.06185116618871689,
          -0.9978412985801697,
          5.960464477539063e-08
        ],
        [
          0.33540797233581543,
          0.9397811889648438,
          0.06567235291004181,
          8.042695999145508
        ],
        [
          0.0,
          0.0,
          0.0,
          1.0
        ]
      ],
      "fx": 1662.7688,
      "fy": 1662.7688,
      "cx": 960.0,
      "cy": 540.0
    },
    {
      "id": 22,
      "image_width": 1920,
      "image_height": 1080,
      "fov_x_rad": 1.047198,
      "fov_y_rad": 0.628029,
      "tanfovx": 0.57735,
      "tanfovy": 0.32476,
      "camera_center": [
        -1.3247750997543335,
        -7.426204681396484,
        0.6857616305351257
      ],
      "viewmatrix": [
        [
          0.9844580888748169,
          -0.17561939358711243,
          0.0,
          0.0
        ],
        [
          -0.015899695456027985,
          -0.08912787586450577,
          -0.9958932399749756,
          0.0
        ],
        [
          0.1748981773853302,
          0.9804152250289917,
          -0.09053496271371841,
          7.574550628662109
        ],
        [
          0.0,
          0.0,
          0.0,
          1.0
        ]
      ],
      "fx": 1662.7688,
      "fy": 1662.7688,
      "cx": 960.0,
      "cy": 540.0
    },
    {
      "id": 23,
      "image_width": 1920,
      "image_height": 1080,
      "fov_x_rad": 1.047198,
      "fov_y_rad": 0.628029,
      "tanfovx": 0.57735,
      "tanfovy": 0.32476,
      "camera_center": [
        1.5401675701141357,
        -7.5168890953063965,
        0.6280816793441772
      ],
      "viewmatrix": [
        [
          0.9796478152275085,
          0.20072424411773682,
          -0.0,
          0.0
        ],
        [
          0.016375618055462837,
          -0.07992227375507355,
          -0.9966665506362915,
          -5.960464477539063e-08
        ],
        [
          -0.20005513727664948,
          0.9763821959495544,
          -0.08158265799283981,
          7.698715686798096
        ],
        [
          0.0,
          0.0,
          0.0,
          1.0
        ]
      ],
      "fx": 1662.7688,
      "fy": 1662.7688,
      "cx": 960.0,
      "cy": 540.0
    },
    {
      "id": 24,
      "image_width": 1920,
      "image_height": 1080,
      "fov_x_rad": 1.047198,
      "fov_y_rad": 0.628029,
      "tanfovx": 0.57735,
      "tanfovy": 0.32476,
      "camera_center": [
        1.7451815605163574,
        -7.981566905975342,
        0.7755252122879028
      ],
      "viewmatrix": [
        [
          0.9769200682640076,
          0.21360503137111664,
          -0.0,
          0.0
        ],
        [
          0.020185081288218498,
          -0.09231623262166977,
          -0.995525062084198,
          -5.960464477539063e-08
        ],
        [
          -0.2126491814851761,
          0.9725484848022461,
          -0.09449721872806549,
          8.206857681274414
        ],
        [
          0.0,
          0.0,
          0.0,
          1.0
        ]
      ],
      "fx": 1662.7688,
      "fy": 1662.7688,
      "cx": 960.0,
      "cy": 540.0
    },
    {
      "id": 25,
      "image_width": 1920,
      "image_height": 1080,
      "fov_x_rad": 1.047198,
      "fov_y_rad": 0.628029,
      "tanfovx": 0.57735,
      "tanfovy": 0.32476,
      "camera_center": [
        4.069857597351074,
        -6.357933521270752,
        0.6157039403915405
      ],
      "viewmatrix": [
        [
          0.8422244787216187,
          0.539126992225647,
          -0.0,
          0.0
        ],
        [
          0.04382633417844772,
          -0.06846552342176437,
          -0.9966903924942017,
          0.0
        ],
        [
          -0.5373426675796509,
          0.8394370079040527,
          -0.0812913030385971,
          7.574044227600098
        ],
        [
          0.0,
          0.0,
          0.0,
          1.0
        ]
      ],
      "fx": 1662.7688,
      "fy": 1662.7688,
      "cx": 960.0,
      "cy": 540.0
    },
    {
      "id": 26,
      "image_width": 1920,
      "image_height": 1080,
      "fov_x_rad": 1.047198,
      "fov_y_rad": 0.628029,
      "tanfovx": 0.57735,
      "tanfovy": 0.32476,
      "camera_center": [
        5.381927967071533,
        -6.328635215759277,
        -0.9616262912750244
      ],
      "viewmatrix": [
        [
          0.7617855668067932,
          0.6478292346000671,
          -0.0,
          0.0
        ],
        [
          -0.0744902491569519,
          0.0875934511423111,
          -0.9933673739433289,
          -5.960464477539063e-08
        ],
        [
          -0.6435324549674988,
          0.7567329406738281,
          0.11498439311981201,
          8.363103866577148
        ],
        [
          0.0,
          0.0,
          0.0,
          1.0
        ]
      ],
      "fx": 1662.7688,
      "fy": 1662.7688,
      "cx": 960.0,
      "cy": 540.0
    },
    {
      "id": 27,
      "image_width": 1920,
      "image_height": 1080,
      "fov_x_rad": 1.047198,
      "fov_y_rad": 0.628029,
      "tanfovx": 0.57735,
      "tanfovy": 0.32476,
      "camera_center": [
        6.218795299530029,
        -4.287994384765625,
        -0.38353922963142395
      ],
      "viewmatrix": [
        [
          0.5676584839820862,
          0.8232641220092773,
          -0.0,
          0.0
        ],
        [
          -0.04174676537513733,
          0.028785301372408867,
          -0.998713493347168,
          0.0
        ],
        [
          -0.8222050070762634,
          0.5669282078742981,
          0.0507088378071785,
          7.563558578491211
        ],
        [
          0.0,
          0.0,
          0.0,
          1.0
        ]
      ],
      "fx": 1662.7688,
      "fy": 1662.7688,
      "cx": 960.0,
      "cy": 540.0
    },
    {
      "id": 28,
      "image_width": 1920,
      "image_height": 1080,
      "fov_x_rad": 1.047198,
      "fov_y_rad": 0.628029,
      "tanfovx": 0.57735,
      "tanfovy": 0.32476,
      "camera_center": [
        7.3760833740234375,
        -3.6240451335906982,
        -0.43140390515327454
      ],
      "viewmatrix": [
        [
          0.44097307324409485,
          0.8975203037261963,
          -0.0,
          0.0
        ],
        [
          -0.04704887792468071,
          0.023116232827305794,
          -0.9986250400543213,
          -2.9802322387695312e-08
        ],
        [
          -0.8962862491607666,
          0.4403667449951172,
          0.0524209626019001,
          8.229605674743652
        ],
        [
          0.0,
          0.0,
          0.0,
          1.0
        ]
      ],
      "fx": 1662.7688,
      "fy": 1662.7688,
      "cx": 960.0,
      "cy": 540.0
    },
    {
      "id": 29,
      "image_width": 1920,
      "image_height": 1080,
      "fov_x_rad": 1.047198,
      "fov_y_rad": 0.628029,
      "tanfovx": 0.57735,
      "tanfovy": 0.32476,
      "camera_center": [
        7.787805557250977,
        -1.4326609373092651,
        0.9240015745162964
      ],
      "viewmatrix": [
        [
          0.180926114320755,
          0.9834967255592346,
          -0.0,
          -1.1920928955078125e-07
        ],
        [
          0.11398997157812119,
          -0.020969832316040993,
          -0.9932606220245361,
          0.0
        ],
        [
          -0.9768685102462769,
          0.17970676720142365,
          -0.11590274423360825,
          7.972215175628662
        ],
        [
          0.0,
          0.0,
          0.0,
          1.0
        ]
      ],
      "fx": 1662.7688,
      "fy": 1662.7688,
      "cx": 960.0,
      "cy": 540.0
    }
  ],
  "metadata": {
    "name": "random_walk",
    "num_cameras": 30,
    "width": 1920,
    "height": 1080,
    "generator_args": {
      "type": "random_walk",
      "num_cameras": null,
      "radius": 8.0,
      "width": 1920,
      "height": 1080,
      "seed": 42,
      "turns": 5.0
    }
  }
}