{
  "cameras": [
    {
      "image_width": 1920,
      "image_height": 1080,
      "fov_x_rad": 1.047198,
      "fov_y_rad": 0.628029,
      "tanfovx": 0.57735,
      "tanfovy": 0.32476,
      "camera_center": [
        7.163727760314941,
        -0.17978982627391815,
        0.9748919606208801
      ],
      "viewmatrix": [
        [
          0.025089344009757042,
          0.9996852278709412,
          -0.0,
          0.0
        ],
        [
          -0.13476021587848663,
          0.003382110269740224,
          0.9908725023269653,
          -5.960464477539063e-08
        ],
        [
          0.9905605912208557,
          -0.024860341101884842,
          0.1348026543855667,
          -7.23199462890625
        ],
        [
          0.0,
          0.0,
          0.0,
          1.0
        ]
      ],
      "fx": 1662.7688,
      "fy": 1662.7688,
      "cx": 960.0,
      "cy": 540.0
    },
    {
      "image_width": 1920,
      "image_height": 1080,
      "fov_x_rad": 1.047198,
      "fov_y_rad": 0.628029,
      "tanfovx": 0.57735,
      "tanfovy": 0.32476,
      "camera_center": [
        6.447490692138672,
        1.5040016174316406,
        -0.6856430172920227
      ],
      "viewmatrix": [
        [
          -0.22717046737670898,
          0.9738550186157227,
          0.0,
          0.0
        ],
        [
          0.10031811892986298,
          0.023401135578751564,
          0.9946801662445068,
          0.0
        ],
        [
          0.9686742424964905,
          0.22596195340156555,
          -0.1030113473534584,
          -6.655994415283203
        ],
        [
          0.0,
          0.0,
          0.0,
          1.0
        ]
      ],
      "fx": 1662.7688,
      "fy": 1662.7688,
      "cx": 960.0,
      "cy": 540.0
    },
    {
      "image_width": 1920,
      "image_height": 1080,
      "fov_x_rad": 1.047198,
      "fov_y_rad": 0.628029,
      "tanfovx": 0.57735,
      "tanfovy": 0.32476,
      "camera_center": [
        6.676326751708984,
        2.290506601333618,
        0.7785096764564514
      ],
      "viewmatrix": [
        [
          -0.32451197504997253,
          0.9458816051483154,
          0.0,
          0.0
        ],
        [
          -0.10369892418384552,
          -0.03557690605521202,
          0.9939723014831543,
          0.0
        ],
        [
          0.9401800632476807,
          0.32255589962005615,
          0.10963203012943268,
          -7.1011152267456055
        ],
        [
          0.0,
          0.0,
          0.0,
          1.0
        ]
      ],
      "fx": 1662.7688,
      "fy": 1662.7688,
      "cx": 960.0,
      "cy": 540.0
    },
    {
      "image_width": 1920,
      "image_height": 1080,
      "fov_x_rad": 1.047198,
      "fov_y_rad": 0.628029,
      "tanfovx": 0.57735,
      "tanfovy": 0.32476,
      "camera_center": [
        5.794930934906006,
        4.590426921844482,
        -1.0706570148468018
      ],
      "viewmatrix": [
        [
          -0.6209335327148438,
          0.7838632464408875,
          0.0,
          0.0
        ],
        [
          0.11235057562589645,
          0.0889979749917984,
          0.9896750450134277,
          0.0
        ],
        [
          0.7757698893547058,
          0.614522397518158,
          -0.14332930743694305,
          -7.46990966796875
        ],
        [
          0.0,
          0.0,
          0.0,
          1.0
        ]
      ],
      "fx": 1662.7688,
      "fy": 1662.7688,
      "cx": 960.0,
      "cy": 540.0
    },
    {
      "image_width": 1920,
      "image_height": 1080,
      "fov_x_rad": 1.047198,
      "fov_y_rad": 0.628029,
      "tanfovx": 0.57735,
      "tanfovy": 0.32476,
      "camera_center": [
        4.115850925445557,
        5.232100963592529,
        -0.5759144425392151
      ],
      "viewmatrix": [
        [
          -0.7859595417976379,
          0.618277907371521,
          0.0,
          0.0
        ],
        [
          0.05329010635614395,
          0.06774278730154037,
          0.9962785840034485,
          0.0
        ],
        [
          0.6159770488739014,
          0.7830346822738647,
          -0.08619118481874466,
          -6.681825160980225
        ],
        [
          0.0,
          0.0,
          0.0,
          1.0
        ]
      ],
      "fx": 1662.7688,
      "fy": 1662.7688,
      "cx": 960.0,
      "cy": 540.0
    },
    {
      "image_width": 1920,
      "image_height": 1080,
      "fov_x_rad": 1.047198,
      "fov_y_rad": 0.628029,
      "tanfovx": 0.57735,
      "tanfovy": 0.32476,
      "camera_center": [
        3.883584499359131,
        5.839090347290039,
        -0.41230806708335876
      ],
      "viewmatrix": [
        [
          -0.8326515555381775,
          0.5537973046302795,
          0.0,
          2.384185791015625e-07
        ],
        [
          0.03250434622168541,
          0.048871297389268875,
          0.9982760548591614,
          0.0
        ],
        [
          0.5528425574302673,
          0.831216037273407,
          -0.058693576604127884,
          -7.02475643157959
        ],
        [
          0.0,
          0.0,
          0.0,
          1.0
        ]
      ],
      "fx": 1662.7688,
      "fy": 1662.7688,
      "cx": 960.0,
      "cy": 540.0
    },
    {
      "image_width": 1920,
      "image_height": 1080,
      "fov_x_rad": 1.047198,
      "fov_y_rad": 0.628029,
      "tanfovx": 0.57735,
      "tanfovy": 0.32476,
      "camera_center": [
        2.2850496768951416,
        6.720034122467041,
        -0.44513314962387085
      ],
      "viewmatrix": [
        [
          -0.9467625617980957,
          0.3219328224658966,
          0.0,
          0.0
        ],
        [
          0.020149877294898033,
          0.05925816670060158,
          0.9980393052101135,
          2.9802322387695312e-08
        ],
        [
          0.32130157947540283,
          0.9449061751365662,
          -0.06259031593799591,
          -7.111852645874023
        ],
        [
          0.0,
          0.0,
          0.0,
          1.0
        ]
      ],
      "fx": 1662.7688,
      "fy": 1662.7688,
      "cx": 960.0,
      "cy": 540.0
    },
    {
      "image_width": 1920,
      "image_height": 1080,
      "fov_x_rad": 1.047198,
      "fov_y_rad": 0.628029,
      "tanfovx": 0.57735,
      "tanfovy": 0.32476,
      "camera_center": [
        1.2054526805877686,
        6.746163368225098,
        -0.42788559198379517
      ],
      "viewmatrix": [
        [
          -0.984407901763916,
          0.17590102553367615,
          0.0,
          1.1920928955078125e-07
        ],
        [
          0.010961484163999557,
          0.06134456396102905,
          0.9980565309524536,
          2.9802322387695312e-08
        ],
        [
          0.1755591630935669,
          0.9824946522712708,
          -0.062316205352544785,
          -6.86636209487915
        ],
        [
          0.0,
          0.0,
          0.0,
          1.0
        ]
      ],
      "fx": 1662.7688,
      "fy": 1662.7688,
      "cx": 960.0,
      "cy": 540.0
    },
    {
      "image_width": 1920,
      "image_height": 1080,
      "fov_x_rad": 1.047198,
      "fov_y_rad": 0.628029,
      "tanfovx": 0.57735,
      "tanfovy": 0.32476,
      "camera_center": [
        -0.6393923163414001,
        6.644477367401123,
        0.5724768042564392
      ],
      "viewmatrix": [
        [
          -0.995401918888092,
          -0.09578666090965271,
          0.0,
          0.0
        ],
        [
          0.008184822276234627,
          -0.08505555987358093,
          0.9963425993919373,
          0.0
        ],
        [
          -0.09543632715940475,
          0.9917612671852112,
          0.08544845879077911,
          -6.699674129486084
        ],
        [
          0.0,
          0.0,
          0.0,
          1.0
        ]
      ],
      "fx": 1662.7688,
      "fy": 1662.7688,
      "cx": 960.0,
      "cy": 540.0
    },
    {
      "image_width": 1920,
      "image_height": 1080,
      "fov_x_rad": 1.047198,
      "fov_y_rad": 0.628029,
      "tanfovx": 0.57735,
      "tanfovy": 0.32476,
      "camera_center": [
        -2.0398967266082764,
        6.217869758605957,
        0.18147297203540802
      ],
      "viewmatrix": [
        [
          -0.9501729607582092,
          -0.3117232620716095,
          0.0,
          -1.1920928955078125e-07
        ],
        [
          0.008641224354505539,
          -0.026339571923017502,
          0.9996157288551331,
          0.0
        ],
        [
          -0.31160345673561096,
          0.9498077630996704,
          0.027720818296074867,
          -6.546450138092041
        ],
        [
          0.0,
          0.0,
          0.0,
          1.0
        ]
      ],
      "fx": 1662.7688,
      "fy": 1662.7688,
      "cx": 960.0,
      "cy": 540.0
    },
    {
      "image_width": 1920,
      "image_height": 1080,
      "fov_x_rad": 1.047198,
      "fov_y_rad": 0.628029,
      "tanfovx": 0.57735,
      "tanfovy": 0.32476,
      "camera_center": [
        -3.3874313831329346,
        5.586188316345215,
        -0.6478517055511475
      ],
      "viewmatrix": [
        [
          -0.8550714254379272,
          -0.5185102224349976,
          0.0,
          0.0
        ],
        [
          -0.0511675700545311,
          0.08438006043434143,
          0.9951190948486328,
          5.960464477539063e-08
        ],
        [
          -0.5159794092178345,
          0.8508978486061096,
          -0.09868188947439194,
          -6.565051078796387
        ],
        [
          0.0,
          0.0,
          0.0,
          1.0
        ]
      ],
      "fx": 1662.7688,
      "fy": 1662.7688,
      "cx": 960.0,
      "cy": 540.0
    },
    {
      "image_width": 1920,
      "image_height": 1080,
      "fov_x_rad": 1.047198,
      "fov_y_rad": 0.628029,
      "tanfovx": 0.57735,
      "tanfovy": 0.32476,
      "camera_center": [
        -5.305334091186523,
        4.922459602355957,
        1.0175901651382446
      ],
      "viewmatrix": [
        [
          -0.6801600456237793,
          -0.7330636978149414,
          0.0,
          2.384185791015625e-07
        ],
        [
          0.10206867009401321,
          -0.0947025939822197,
          0.9902593493461609,
          -1.1920928955078125e-07
        ],
        [
          -0.7259231209754944,
          0.6735348105430603,
          0.1392357498407364,
          -7.3083977699279785
        ],
        [
          0.0,
          0.0,
          0.0,
          1.0
        ]
      ],
      "fx": 1662.7688,
      "fy": 1662.7688,
      "cx": 960.0,
      "cy": 540.0
    },
    {
      "image_width": 1920,
      "image_height": 1080,
      "fov_x_rad": 1.047198,
      "fov_y_rad": 0.628029,
      "tanfovx": 0.57735,
      "tanfovy": 0.32476,
      "camera_center": [
        -5.6017045974731445,
        4.414278030395508,
        -0.8650213479995728
      ],
      "viewmatrix": [
        [
          -0.6189426183700562,
          -0.78543621301651,
          0.0,
          0.0
        ],
        [
          -0.09457086026668549,
          0.07452411204576492,
          0.9927247762680054,
          -5.960464477539063e-08
        ],
        [
          -0.7797219753265381,
          0.6144396662712097,
          -0.12040552496910095,
          -7.184232711791992
        ],
        [
          0.0,
          0.0,
          0.0,
          1.0
        ]
      ],
      "fx": 1662.7688,
      "fy": 1662.7688,
      "cx": 960.0,
      "cy": 540.0
    },
    {
      "image_width": 1920,
      "image_height": 1080,
      "fov_x_rad": 1.047198,
      "fov_y_rad": 0.628029,
      "tanfovx": 0.57735,
      "tanfovy": 0.32476,
      "camera_center": [
        -6.315084457397461,
        2.9027185440063477,
        -0.7914742827415466
      ],
      "viewmatrix": [
        [
          -0.41764190793037415,
          -0.9086116552352905,
          0.0,
          0.0
        ],
        [
          -0.10280551761388779,
          0.04725439473986626,
          0.993578314781189,
          -5.960464477539063e-08
        ],
        [
          -0.9027769565582275,
          0.41495999693870544,
          -0.11314571648836136,
          -6.995176792144775
        ],
        [
          0.0,
          0.0,
          0.0,
          1.0
        ]
      ],
      "fx": 1662.7688,
      "fy": 1662.7688,
      "cx": 960.0,
      "cy": 540.0
    },
    {
      "image_width": 1920,
      "image_height": 1080,
      "fov_x_rad": 1.047198,
      "fov_y_rad": 0.628029,
      "tanfovx": 0.57735,
      "tanfovy": 0.32476,
      "camera_center": [
        -6.403189659118652,
        1.99872624874115,
        0.8278677463531494
      ],
      "viewmatrix": [
        [
          -0.2979665994644165,
          -0.9545762538909912,
          0.0,
          -1.1920928955078125e-07
        ],
        [
          0.11692388355731964,
          -0.03649725392460823,
          0.9924699664115906,
          -5.960464477539063e-08
        ],
        [
          -0.9473882913589478,
          0.2957229018211365,
          0.12248773872852325,
          -6.758780002593994
        ],
        [
          0.0,
          0.0,
          0.0,
          1.0
        ]
      ],
      "fx": 1662.7688,
      "fy": 1662.7688,
      "cx": 960.0,
      "cy": 540.0
    },
    {
      "image_width": 1920,
      "image_height": 1080,
      "fov_x_rad": 1.047198,
      "fov_y_rad": 0.628029,
      "tanfovx": 0.57735,
      "tanfovy": 0.32476,
      "camera_center": [
        -7.005168914794922,
        -0.22777944803237915,
        -0.39632946252822876
      ],
      "viewmatrix": [
        [
          0.032498735934495926,
          -0.9994717836380005,
          0.0,
          0.0
        ],
        [
          -0.056426823139190674,
          -0.0018347696168348193,
          0.9984050989151001,
          0.0
        ],
        [
          -0.9978777170181274,
          -0.03244690224528313,
          -0.05645664408802986,
          -7.020068645477295
        ],
        [
          0.0,
          0.0,
          0.0,
          1.0
        ]
      ],
      "fx": 1662.7688,
      "fy": 1662.7688,
      "cx": 960.0,
      "cy": 540.0
    },
    {
      "image_width": 1920,
      "image_height": 1080,
      "fov_x_rad": 1.047198,
      "fov_y_rad": 0.628029,
      "tanfovx": 0.57735,
      "tanfovy": 0.32476,
      "camera_center": [
        -7.258965969085693,
        -1.6139614582061768,
        -0.705150306224823
      ],
      "viewmatrix": [
        [
          0.21704038977622986,
          -0.9761626124382019,
          0.0,
          0.0
        ],
        [
          -0.09215255826711655,
          -0.02048923820257187,
          0.9955340623855591,
          5.960464477539063e-08
        ],
        [
          -0.9718031287193298,
          -0.21607109904289246,
          -0.09440287947654724,
          -7.469584941864014
        ],
        [
          0.0,
          0.0,
          0.0,
          1.0
        ]
      ],
      "fx": 1662.7688,
      "fy": 1662.7688,
      "cx": 960.0,
      "cy": 540.0
    },
    {
      "image_width": 1920,
      "image_height": 1080,
      "fov_x_rad": 1.047198,
      "fov_y_rad": 0.628029,
      "tanfovx": 0.57735,
      "tanfovy": 0.32476,
      "camera_center": [
        -6.52275276184082,
        -3.3454484939575195,
        0.972183108329773
      ],
      "viewmatrix": [
        [
          0.4563649296760559,
          -0.8897926807403564,
          0.0,
          0.0
        ],
        [
          0.11697926372289658,
          0.05999738350510597,
          0.9913204908370972,
          -5.960464477539063e-08
        ],
        [
          -0.8820697069168091,
          -0.4524039030075073,
          0.1314679980278015,
          -7.394827365875244
        ],
        [
          0.0,
          0.0,
          0.0,
          1.0
        ]
      ],
      "fx": 1662.7688,
      "fy": 1662.7688,
      "cx": 960.0,
      "cy": 540.0
    },
    {
      "image_width": 1920,
      "image_height": 1080,
      "fov_x_rad": 1.047198,
      "fov_y_rad": 0.628029,
      "tanfovx": 0.57735,
      "tanfovy": 0.32476,
      "camera_center": [
        -5.211341857910156,
        -3.944431781768799,
        0.8316302299499512
      ],
      "viewmatrix": [
        [
          0.6035121083259583,
          -0.7973539233207703,
          0.0,
          -2.384185791015625e-07
        ],
        [
          0.10064572095870972,
          0.07617810368537903,
          0.9920017123222351,
          0.0
        ],
        [
          -0.790976345539093,
          -0.5986849665641785,
          0.12622465193271637,
          -6.588491916656494
        ],
        [
          0.0,
          0.0,
          0.0,
          1.0
        ]
      ],
      "fx": 1662.7688,
      "fy": 1662.7688,
      "cx": 960.0,
      "cy": 540.0
    },
    {
      "image_width": 1920,
      "image_height": 1080,
      "fov_x_rad": 1.047198,
      "fov_y_rad": 0.628029,
      "tanfovx": 0.57735,
      "tanfovy": 0.32476,
      "camera_center": [
        -4.821590900421143,
        -4.740848064422607,
        -0.9283060431480408
      ],
      "viewmatrix": [
        [
          0.7011111378669739,
          -0.713051974773407,
          0.0,
          0.0
        ],
        [
          -0.0969814583659172,
          -0.09535739570856094,
          0.9907076358795166,
          5.960464477539063e-08
        ],
        [
          -0.7064260244369507,
          -0.6945961713790894,
          -0.13600896298885345,
          -6.825329780578613
        ],
        [
          0.0,
          0.0,
          0.0,
          1.0
        ]
      ],
      "fx": 1662.7688,
      "fy": 1662.7688,
      "cx": 960.0,
      "cy": 540.0
    },
    {
      "image_width": 1920,
      "image_height": 1080,
      "fov_x_rad": 1.047198,
      "fov_y_rad": 0.628029,
      "tanfovx": 0.57735,
      "tanfovy": 0.32476,
      "camera_center": [
        -3.795811414718628,
        -6.248990535736084,
        -0.5023227334022522
      ],
      "viewmatrix": [
        [
          0.8546794056892395,
          -0.5191561579704285,
          0.0,
          0.0
        ],
        [
          -0.035583749413490295,
          -0.05858101695775986,
          0.9976483583450317,
          0.0
        ],
        [
          -0.5179352760314941,
          -0.8526694774627686,
          -0.0685415118932724,
          -7.328737735748291
        ],
        [
          0.0,
          0.0,
          0.0,
          1.0
        ]
      ],
      "fx": 1662.7688,
      "fy": 1662.7688,
      "cx": 960.0,
      "cy": 540.0
    },
    {
      "image_width": 1920,
      "image_height": 1080,
      "fov_x_rad": 1.047198,
      "fov_y_rad": 0.628029,
      "tanfovx": 0.57735,
      "tanfovy": 0.32476,
      "camera_center": [
        -2.3621764183044434,
        -6.618593215942383,
        -0.4625104069709778
      ],
      "viewmatrix": [
        [
          0.9418143630027771,
          -0.33613359928131104,
          0.0,
          2.384185791015625e-07
        ],
        [
          -0.022074684500694275,
          -0.06185116618871689,
          0.9978412985801697,
          0.0
        ],
        [
          -0.33540797233581543,
          -0.9397811889648438,
          -0.06567235291004181,
          -7.042695999145508
        ],
        [
          0.0,
          0.0,
          0.0,
          1.0
        ]
      ],
      "fx": 1662.7688,
      "fy": 1662.7688,
      "cx": 960.0,
      "cy": 540.0
    },
    {
      "image_width": 1920,
      "image_height": 1080,
      "fov_x_rad": 1.047198,
      "fov_y_rad": 0.628029,
      "tanfovx": 0.57735,
      "tanfovy": 0.32476,
      "camera_center": [
        -1.1498769521713257,
        -6.445789813995361,
        0.5952266454696655
      ],
      "viewmatrix": [
        [
          0.9844580888748169,
          -0.17561937868595123,
          0.0,
          1.1920928955078125e-07
        ],
        [
          0.015899691730737686,
          0.08912786841392517,
          0.9958932995796204,
          0.0
        ],
        [
          -0.1748981773853302,
          -0.9804152846336365,
          0.09053495526313782,
          -6.574551105499268
        ],
        [
          0.0,
          0.0,
          0.0,
          1.0
        ]
      ],
      "fx": 1662.7688,
      "fy": 1662.7688,
      "cx": 960.0,
      "cy": 540.0
    },
    {
      "image_width": 1920,
      "image_height": 1080,
      "fov_x_rad": 1.047198,
      "fov_y_rad": 0.628029,
      "tanfovx": 0.57735,
      "tanfovy": 0.32476,
      "camera_center": [
        1.3401124477386475,
        -6.540506839752197,
        0.5464990139007568
      ],
      "viewmatrix": [
        [
          0.9796478152275085,
          0.20072424411773682,
          -0.0,
          1.1920928955078125e-07
        ],
        [
          -0.016375618055462837,
          0.07992227375507355,
          0.9966665506362915,
          1.1920928955078125e-07
        ],
        [
          0.20005513727664948,
          -0.9763821959495544,
          0.08158265799283981,
          -6.698715686798096
        ],
        [
          0.0,
          0.0,
          0.0,
          1.0
        ]
      ],
      "fx": 1662.7688,
      "fy": 1662.7688,
      "cx": 960.0,
      "cy": 540.0
    },
    {
      "image_width": 1920,
      "image_height": 1080,
      "fov_x_rad": 1.047198,
      "fov_y_rad": 0.628029,
      "tanfovx": 0.57735,
      "tanfovy": 0.32476,
      "camera_center": [
        1.5325323343276978,
        -7.009018421173096,
        0.6810280084609985
      ],
      "viewmatrix": [
        [
          0.9769200682640076,
          0.21360503137111664,
          -0.0,
          0.0
        ],
        [
          -0.020185083150863647,
          0.09231624007225037,
          0.9955251216888428,
          0.0
        ],
        [
          0.2126491814851761,
          -0.9725485444068909,
          0.09449722617864609,
          -7.206858158111572
        ],
        [
          0.0,
          0.0,
          0.0,
          1.0
        ]
      ],
      "fx": 1662.7688,
      "fy": 1662.7688,
      "cx": 960.0,
      "cy": 540.0
    },
    {
      "image_width": 1920,
      "image_height": 1080,
      "fov_x_rad": 1.047198,
      "fov_y_rad": 0.628029,
      "tanfovx": 0.57735,
      "tanfovy": 0.32476,
      "camera_center": [
        3.532514810562134,
        -5.518496513366699,
        0.534412682056427
      ],
      "viewmatrix": [
        [
          0.8422244787216187,
          0.539126992225647,
          -0.0,
          0.0
        ],
        [
          -0.04382633417844772,
          0.06846552342176437,
          0.9966903924942017,
          -5.960464477539063e-08
        ],
        [
          0.5373426675796509,
          -0.8394370079040527,
          0.0812913030385971,
          -6.574044227600098
        ],
        [
          0.0,
          0.0,
          0.0,
          1.0
        ]
      ],
      "fx": 1662.7688,
      "fy": 1662.7688,
      "cx": 960.0,
      "cy": 540.0
    },
    {
      "image_width": 1920,
      "image_height": 1080,
      "fov_x_rad": 1.047198,
      "fov_y_rad": 0.628029,
      "tanfovx": 0.57735,
      "tanfovy": 0.32476,
      "camera_center": [
        4.738395690917969,
        -5.571902275085449,
        -0.8466419577598572
      ],
      "viewmatrix": [
        [
          0.7617855668067932,
          0.6478292346000671,
          -0.0,
          -4.76837158203125e-07
        ],
        [
          0.0744902491569519,
          -0.0875934511423111,
          0.9933672547340393,
          0.0
        ],
        [
          0.643532395362854,
          -0.7567328810691833,
          -0.11498439311981201,
          -7.36310338973999
        ],
        [
          0.0,
          0.0,
          0.0,
          1.0
        ]
      ],
      "fx": 1662.7688,
      "fy": 1662.7688,
      "cx": 960.0,
      "cy": 540.0
    },
    {
      "image_width": 1920,
      "image_height": 1080,
      "fov_x_rad": 1.047198,
      "fov_y_rad": 0.628029,
      "tanfovx": 0.57735,
      "tanfovy": 0.32476,
      "camera_center": [
        5.396590232849121,
        -3.721066474914551,
        -0.33283039927482605
      ],
      "viewmatrix": [
        [
          0.567658543586731,
          0.8232641220092773,
          -0.0,
          0.0
        ],
        [
          0.04174676537513733,
          -0.028785303235054016,
          0.998713493347168,
          0.0
        ],
        [
          0.8222049474716187,
          -0.5669282078742981,
          -0.0507088340818882,
          -6.563558578491211
        ],
        [
          0.0,
          0.0,
          0.0,
          1.0
        ]
      ],
      "fx": 1662.7688,
      "fy": 1662.7688,
      "cx": 960.0,
      "cy": 540.0
    },
    {
      "image_width": 1920,
      "image_height": 1080,
      "fov_x_rad": 1.047198,
      "fov_y_rad": 0.628029,
      "tanfovx": 0.57735,
      "tanfovy": 0.32476,
      "camera_center": [
        6.479796886444092,
        -3.183678150177002,
        -0.37898293137550354
      ],
      "viewmatrix": [
        [
          0.44097307324409485,
          0.8975203633308411,
          -0.0,
          0.0
        ],
        [
          0.047048889100551605,
          -0.023116236552596092,
          0.9986251592636108,
          0.0
        ],
        [
          0.8962863683700562,
          -0.4403667747974396,
          -0.0524209700524807,
          -7.2296061515808105
        ],
        [
          0.0,
          0.0,
          0.0,
          1.0
        ]
      ],
      "fx": 1662.7688,
      "fy": 1662.7688,
      "cx": 960.0,
      "cy": 540.0
    },
    {
      "image_width": 1920,
      "image_height": 1080,
      "fov_x_rad": 1.047198,
      "fov_y_rad": 0.628029,
      "tanfovx": 0.57735,
      "tanfovy": 0.32476,
      "camera_center": [
        6.81093692779541,
        -1.2529542446136475,
        0.8080988526344299
      ],
      "viewmatrix": [
        [
          0.180926114320755,
          0.9834967255592346,
          -0.0,
          1.1920928955078125e-07
        ],
        [
          -0.11398997157812119,
          0.020969832316040993,
          0.9932606220245361,
          0.0
        ],
        [
          0.9768684506416321,
          -0.17970676720142365,
          0.11590274423360825,
          -6.972214698791504
        ],
        [
          0.0,
          0.0,
          0.0,
          1.0
        ]
      ],
      "fx": 1662.7688,
      "fy": 1662.7688,
      "cx": 960.0,
      "cy": 540.0
    }
  ],
  "metadata": {
    "name": "random_walk",
    "num_cameras": 30,
    "seed": 42
  }
}