{
  "cameras": [
    {
      "image_width": 1920,
      "image_height": 1080,
      "fov_x_rad": 1.047198,
      "fov_y_rad": 0.628029,
      "tanfovx": 0.57735,
      "tanfovy": 0.32476,
      "camera_center": [
        10.0,
        0.0,
        0.0
      ],
      "viewmatrix": [
        [
          0.0,
          1.0,
          0.0,
          0.0
        ],
        [
          0.0,
          0.0,
          1.0,
          0.0
        ],
        [
          1.0,
          0.0,
          0.0,
          -10.0
        ],
        [
          0.0,
          0.0,
          0.0,
          1.0
        ]
      ],
      "fx": 1662.7688,
      "fy": 1662.7688,
      "cx": 960.0,
      "cy": 540.0
    },
    {
      "image_width": 1920,
      "image_height": 1080,
      "fov_x_rad": 1.047198,
      "fov_y_rad": 0.628029,
      "tanfovx": 0.57735,
      "tanfovy": 0.32476,
      "camera_center": [
        8.875433921813965,
        5.124234199523926,
        2.3642332553863525
      ],
      "viewmatrix": [
        [
          -0.5,
          0.8660253882408142,
          0.0,
          0.0
        ],
        [
          -0.1946716606616974,
          -0.11239373683929443,
          0.9744077920913696,
          0.0
        ],
        [
          0.8438618779182434,
          0.4872038960456848,
          0.22478747367858887,
          -10.517637252807617
        ],
        [
          0.0,
          0.0,
          0.0,
          1.0
        ]
      ],
      "fx": 1662.7688,
      "fy": 1662.7688,
      "cx": 960.0,
      "cy": 540.0
    },
    {
      "image_width": 1920,
      "image_height": 1080,
      "fov_x_rad": 1.047198,
      "fov_y_rad": 0.628029,
      "tanfovx": 0.57735,
      "tanfovy": 0.32476,
      "camera_center": [
        5.359242916107178,
        9.28248119354248,
        2.4726622104644775
      ],
      "viewmatrix": [
        [
          -0.866025447845459,
          0.5,
          0.0,
          0.0
        ],
        [
          -0.11239373683929443,
          -0.19467167556285858,
          0.9744079113006592,
          -2.384185791015625e-07
        ],
        [
          0.4872038960456848,
          0.8438619375228882,
          0.22478747367858887,
          -11.0
        ],
        [
          0.0,
          0.0,
          0.0,
          1.0
        ]
      ],
      "fx": 1662.7688,
      "fy": 1662.7688,
      "cx": 960.0,
      "cy": 540.0
    },
    {
      "image_width": 1920,
      "image_height": 1080,
      "fov_x_rad": 1.047198,
      "fov_y_rad": 0.628029,
      "tanfovx": 0.57735,
      "tanfovy": 0.32476,
      "camera_center": [
        6.989190190919597e-16,
        11.414213180541992,
        3.659531468531524e-16
      ],
      "viewmatrix": [
        [
          -1.0,
          6.123234262925839e-17,
          0.0,
          0.0
        ],
        [
          -1.9631811766938018e-33,
          -3.206117974414298e-17,
          1.0,
          0.0
        ],
        [
          6.123234262925839e-17,
          1.0,
          3.206117974414298e-17,
          -11.414213180541992
        ],
        [
          0.0,
          0.0,
          0.0,
          1.0
        ]
      ],
      "fx": 1662.7688,
      "fy": 1662.7688,
      "cx": 960.0,
      "cy": 540.0
    },
    {
      "image_width": 1920,
      "image_height": 1080,
      "fov_x_rad": 1.047198,
      "fov_y_rad": 0.628029,
      "tanfovx": 0.57735,
      "tanfovy": 0.32476,
      "camera_center": [
        -5.715900897979736,
        9.90023136138916,
        -2.6372179985046387
      ],
      "viewmatrix": [
        [
          -0.866025447845459,
          -0.5,
          0.0,
          0.0
        ],
        [
          -0.11239373683929443,
          0.19467167556285858,
          0.9744079113006592,
          0.0
        ],
        [
          -0.4872038960456848,
          0.8438619375228882,
          -0.22478747367858887,
          -11.732050895690918
        ],
        [
          0.0,
          0.0,
          0.0,
          1.0
        ]
      ],
      "fx": 1662.7688,
      "fy": 1662.7688,
      "cx": 960.0,
      "cy": 540.0
    },
    {
      "image_width": 1920,
      "image_height": 1080,
      "fov_x_rad": 1.047198,
      "fov_y_rad": 0.628029,
      "tanfovx": 0.57735,
      "tanfovy": 0.32476,
      "camera_center": [
        -10.068835258483887,
        5.813244819641113,
        -2.682130813598633
      ],
      "viewmatrix": [
        [
          -0.5,
          -0.8660253882408142,
          0.0,
          0.0
        ],
        [
          -0.1946716457605362,
          0.11239372938871384,
          0.9744077920913696,
          0.0
        ],
        [
          -0.8438618779182434,
          0.4872038960456848,
          -0.22478745877742767,
          -11.93185043334961
        ],
        [
          0.0,
          0.0,
          0.0,
          1.0
        ]
      ],
      "fx": 1662.7688,
      "fy": 1662.7688,
      "cx": 960.0,
      "cy": 540.0
    },
    {
      "image_width": 1920,
      "image_height": 1080,
      "fov_x_rad": 1.047198,
      "fov_y_rad": 0.628029,
      "tanfovx": 0.57735,
      "tanfovy": 0.32476,
      "camera_center": [
        -12.0,
        1.469576117223083e-15,
        -7.694682873896519e-16
      ],
      "viewmatrix": [
        [
          -1.2246467202362698e-16,
          -1.0,
          0.0,
          0.0
        ],
        [
          -6.412235948828596e-17,
          7.852723972091238e-33,
          1.0,
          -5.293955920339377e-23
        ],
        [
          -1.0,
          1.2246467202362698e-16,
          -6.412235948828596e-17,
          -12.0
        ],
        [
          0.0,
          0.0,
          0.0,
          1.0
        ]
      ],
      "fx": 1662.7688,
      "fy": 1662.7688,
      "cx": 960.0,
      "cy": 540.0
    },
    {
      "image_width": 1920,
      "image_height": 1080,
      "fov_x_rad": 1.047198,
      "fov_y_rad": 0.628029,
      "tanfovx": 0.57735,
      "tanfovy": 0.32476,
      "camera_center": [
        -10.068835258483887,
        -5.813244819641113,
        2.682130813598633
      ],
      "viewmatrix": [
        [
          0.5,
          -0.8660253882408142,
          0.0,
          0.0
        ],
        [
          0.1946716457605362,
          0.11239372938871384,
          0.9744077920913696,
          0.0
        ],
        [
          -0.8438618779182434,
          -0.4872038960456848,
          0.22478745877742767,
          -11.93185043334961
        ],
        [
          0.0,
          0.0,
          0.0,
          1.0
        ]
      ],
      "fx": 1662.7688,
      "fy": 1662.7688,
      "cx": 960.0,
      "cy": 540.0
    },
    {
      "image_width": 1920,
      "image_height": 1080,
      "fov_x_rad": 1.047198,
      "fov_y_rad": 0.628029,
      "tanfovx": 0.57735,
      "tanfovy": 0.32476,
      "camera_center": [
        -5.715900897979736,
        -9.90023136138916,
        2.6372179985046387
      ],
      "viewmatrix": [
        [
          0.866025447845459,
          -0.5,
          0.0,
          0.0
        ],
        [
          0.11239373683929443,
          0.19467167556285858,
          0.9744079113006592,
          0.0
        ],
        [
          -0.4872038960456848,
          -0.8438619375228882,
          0.22478747367858887,
          -11.732050895690918
        ],
        [
          0.0,
          0.0,
          0.0,
          1.0
        ]
      ],
      "fx": 1662.7688,
      "fy": 1662.7688,
      "cx": 960.0,
      "cy": 540.0
    },
    {
      "image_width": 1920,
      "image_height": 1080,
      "fov_x_rad": 1.047198,
      "fov_y_rad": 0.628029,
      "tanfovx": 0.57735,
      "tanfovy": 0.32476,
      "camera_center": [
        -2.09675700433632e-15,
        -11.414213180541992,
        1.0978594140896776e-15
      ],
      "viewmatrix": [
        [
          1.0,
          -1.8369702788777518e-16,
          0.0,
          0.0
        ],
        [
          1.766862930454727e-32,
          9.618353592370649e-17,
          1.0,
          0.0
        ],
        [
          -1.8369702788777518e-16,
          -1.0,
          9.618353592370649e-17,
          -11.414213180541992
        ],
        [
          0.0,
          0.0,
          0.0,
          1.0
        ]
      ],
      "fx": 1662.7688,
      "fy": 1662.7688,
      "cx": 960.0,
      "cy": 540.0
    },
    {
      "image_width": 1920,
      "image_height": 1080,
      "fov_x_rad": 1.047198,
      "fov_y_rad": 0.628029,
      "tanfovx": 0.57735,
      "tanfovy": 0.32476,
      "camera_center": [
        5.359242916107178,
        -9.28248119354248,
        -2.4726622104644775
      ],
      "viewmatrix": [
        [
          0.866025447845459,
          0.5,
          -0.0,
          0.0
        ],
        [
          0.11239373683929443,
          -0.19467167556285858,
          0.9744079113006592,
          2.384185791015625e-07
        ],
        [
          0.4872038960456848,
          -0.8438619375228882,
          -0.22478747367858887,
          -11.0
        ],
        [
          0.0,
          0.0,
          0.0,
          1.0
        ]
      ],
      "fx": 1662.7688,
      "fy": 1662.7688,
      "cx": 960.0,
      "cy": 540.0
    },
    {
      "image_width": 1920,
      "image_height": 1080,
      "fov_x_rad": 1.047198,
      "fov_y_rad": 0.628029,
      "tanfovx": 0.57735,
      "tanfovy": 0.32476,
      "camera_center": [
        8.875433921813965,
        -5.124234199523926,
        -2.3642332553863525
      ],
      "viewmatrix": [
        [
          0.5,
          0.8660253882408142,
          -0.0,
          0.0
        ],
        [
          0.1946716606616974,
          -0.11239373683929443,
          0.9744077920913696,
          0.0
        ],
        [
          0.8438618779182434,
          -0.4872038960456848,
          -0.22478747367858887,
          -10.517637252807617
        ],
        [
          0.0,
          0.0,
          0.0,
          1.0
        ]
      ],
      "fx": 1662.7688,
      "fy": 1662.7688,
      "cx": 960.0,
      "cy": 540.0
    },
    {
      "image_width": 1920,
      "image_height": 1080,
      "fov_x_rad": 1.047198,
      "fov_y_rad": 0.628029,
      "tanfovx": 0.57735,
      "tanfovy": 0.32476,
      "camera_center": [
        10.0,
        -2.4492935992912173e-15,
        -1.2824471632959396e-15
      ],
      "viewmatrix": [
        [
          2.4492937051703357e-16,
          1.0,
          -0.0,
          0.0
        ],
        [
          1.2824471897657192e-16,
          -3.141089882710083e-32,
          1.0,
          0.0
        ],
        [
          1.0,
          -2.4492937051703357e-16,
          -1.2824471897657192e-16,
          -10.0
        ],
        [
          0.0,
          0.0,
          0.0,
          1.0
        ]
      ],
      "fx": 1662.7688,
      "fy": 1662.7688,
      "cx": 960.0,
      "cy": 540.0
    },
    {
      "image_width": 1920,
      "image_height": 1080,
      "fov_x_rad": 1.047198,
      "fov_y_rad": 0.628029,
      "tanfovx": 0.57735,
      "tanfovy": 0.32476,
      "camera_center": [
        8.00180435180664,
        4.61984395980835,
        2.131516218185425
      ],
      "viewmatrix": [
        [
          -0.5,
          0.8660253882408142,
          0.0,
          0.0
        ],
        [
          -0.1946716606616974,
          -0.11239373683929443,
          0.9744078516960144,
          0.0
        ],
        [
          0.8438619375228882,
          0.4872039258480072,
          0.22478747367858887,
          -9.482362747192383
        ],
        [
          0.0,
          0.0,
          0.0,
          1.0
        ]
      ],
      "fx": 1662.7688,
      "fy": 1662.7688,
      "cx": 960.0,
      "cy": 540.0
    },
    {
      "image_width": 1920,
      "image_height": 1080,
      "fov_x_rad": 1.047198,
      "fov_y_rad": 0.628029,
      "tanfovx": 0.57735,
      "tanfovy": 0.32476,
      "camera_center": [
        4.384835243225098,
        7.594757080078125,
        2.0230872631073
      ],
      "viewmatrix": [
        [
          -0.8660253882408142,
          0.5000000596046448,
          0.0,
          -4.76837158203125e-07
        ],
        [
          -0.11239375174045563,
          -0.1946716606616974,
          0.9744077920913696,
          0.0
        ],
        [
          0.4872039258480072,
          0.8438618779182434,
          0.22478747367858887,
          -8.999999046325684
        ],
        [
          0.0,
          0.0,
          0.0,
          1.0
        ]
      ],
      "fx": 1662.7688,
      "fy": 1662.7688,
      "cx": 960.0,
      "cy": 540.0
    },
    {
      "image_width": 1920,
      "image_height": 1080,
      "fov_x_rad": 1.047198,
      "fov_y_rad": 0.628029,
      "tanfovx": 0.57735,
      "tanfovy": 0.32476,
      "camera_center": [
        1.0254349419017064e-14,
        8.585786819458008,
        5.369164822759034e-15
      ],
      "viewmatrix": [
        [
          -1.0,
          1.1943400666719682e-15,
          0.0,
          0.0
        ],
        [
          -7.468865410209457e-31,
          -6.253550017163117e-16,
          1.0,
          0.0
        ],
        [
          1.1943400666719682e-15,
          1.0,
          6.253550017163117e-16,
          -8.585786819458008
        ],
        [
          0.0,
          0.0,
          0.0,
          1.0
        ]
      ],
      "fx": 1662.7688,
      "fy": 1662.7688,
      "cx": 960.0,
      "cy": 540.0
    },
    {
      "image_width": 1920,
      "image_height": 1080,
      "fov_x_rad": 1.047198,
      "fov_y_rad": 0.628029,
      "tanfovx": 0.57735,
      "tanfovy": 0.32476,
      "camera_center": [
        -4.028177261352539,
        6.9770073890686035,
        -1.8585313558578491
      ],
      "viewmatrix": [
        [
          -0.8660253882408142,
          -0.5,
          0.0,
          0.0
        ],
        [
          -0.11239373683929443,
          0.1946716606616974,
          0.9744078516960144,
          1.1920928955078125e-07
        ],
        [
          -0.4872039258480072,
          0.8438619375228882,
          -0.22478747367858887,
          -8.267949104309082
        ],
        [
          0.0,
          0.0,
          0.0,
          1.0
        ]
      ],
      "fx": 1662.7688,
      "fy": 1662.7688,
      "cx": 960.0,
      "cy": 540.0
    },
    {
      "image_width": 1920,
      "image_height": 1080,
      "fov_x_rad": 1.047198,
      "fov_y_rad": 0.628029,
      "tanfovx": 0.57735,
      "tanfovy": 0.32476,
      "camera_center": [
        -6.808403015136719,
        3.930833339691162,
        -1.8136186599731445
      ],
      "viewmatrix": [
        [
          -0.5,
          -0.8660253882408142,
          0.0,
          0.0
        ],
        [
          -0.1946716457605362,
          0.11239372938871384,
          0.9744077920913696,
          1.1920928955078125e-07
        ],
        [
          -0.8438618779182434,
          0.4872038960456848,
          -0.22478745877742767,
          -8.068147659301758
        ],
        [
          0.0,
          0.0,
          0.0,
          1.0
        ]
      ],
      "fx": 1662.7688,
      "fy": 1662.7688,
      "cx": 960.0,
      "cy": 540.0
    },
    {
      "image_width": 1920,
      "image_height": 1080,
      "fov_x_rad": 1.047198,
      "fov_y_rad": 0.628029,
      "tanfovx": 0.57735,
      "tanfovy": 0.32476,
      "camera_center": [
        -8.0,
        2.939152234446166e-15,
        -1.5389365747793039e-15
      ],
      "viewmatrix": [
        [
          -3.6739402930577075e-16,
          -1.0,
          0.0,
          0.0
        ],
        [
          -1.9236707184741298e-16,
          7.067451134071733e-32,
          1.0,
          0.0
        ],
        [
          -1.0,
          3.6739402930577075e-16,
          -1.9236707184741298e-16,
          -8.0
        ],
        [
          0.0,
          0.0,
          0.0,
          1.0
        ]
      ],
      "fx": 1662.7688,
      "fy": 1662.7688,
      "cx": 960.0,
      "cy": 540.0
    },
    {
      "image_width": 1920,
      "image_height": 1080,
      "fov_x_rad": 1.047198,
      "fov_y_rad": 0.628029,
      "tanfovx": 0.57735,
      "tanfovy": 0.32476,
      "camera_center": [
        -6.808403015136719,
        -3.930833339691162,
        1.8136186599731445
      ],
      "viewmatrix": [
        [
          0.5,
          -0.8660253882408142,
          0.0,
          0.0
        ],
        [
          0.1946716457605362,
          0.11239372938871384,
          0.9744077920913696,
          -1.1920928955078125e-07
        ],
        [
          -0.8438618779182434,
          -0.4872038960456848,
          0.22478745877742767,
          -8.068147659301758
        ],
        [
          0.0,
          0.0,
          0.0,
          1.0
        ]
      ],
      "fx": 1662.7688,
      "fy": 1662.7688,
      "cx": 960.0,
      "cy": 540.0
    },
    {
      "image_width": 1920,
      "image_height": 1080,
      "fov_x_rad": 1.047198,
      "fov_y_rad": 0.628029,
      "tanfovx": 0.57735,
      "tanfovy": 0.32476,
      "camera_center": [
        -4.028177261352539,
        -6.9770073890686035,
        1.8585313558578491
      ],
      "viewmatrix": [
        [
          0.8660253882408142,
          -0.5,
          0.0,
          0.0
        ],
        [
          0.11239373683929443,
          0.1946716606616974,
          0.9744078516960144,
          -1.1920928955078125e-07
        ],
        [
          -0.4872039258480072,
          -0.8438619375228882,
          0.22478747367858887,
          -8.267949104309082
        ],
        [
          0.0,
          0.0,
          0.0,
          1.0
        ]
      ],
      "fx": 1662.7688,
      "fy": 1662.7688,
      "cx": 960.0,
      "cy": 540.0
    },
    {
      "image_width": 1920,
      "image_height": 1080,
      "fov_x_rad": 1.047198,
      "fov_y_rad": 0.628029,
      "tanfovx": 0.57735,
      "tanfovy": 0.32476,
      "camera_center": [
        -3.680094728573339e-15,
        -8.585786819458008,
        1.9268930170939424e-15
      ],
      "viewmatrix": [
        [
          1.0,
          -4.2862638516991895e-16,
          0.0,
          0.0
        ],
        [
          9.61958631479879e-32,
          2.244282350479437e-16,
          1.0,
          0.0
        ],
        [
          -4.2862638516991895e-16,
          -1.0,
          2.244282350479437e-16,
          -8.585786819458008
        ],
        [
          0.0,
          0.0,
          0.0,
          1.0
        ]
      ],
      "fx": 1662.7688,
      "fy": 1662.7688,
      "cx": 960.0,
      "cy": 540.0
    },
    {
      "image_width": 1920,
      "image_height": 1080,
      "fov_x_rad": 1.047198,
      "fov_y_rad": 0.628029,
      "tanfovx": 0.57735,
      "tanfovy": 0.32476,
      "camera_center": [
        4.384835243225098,
        -7.594757080078125,
        -2.0230872631073
      ],
      "viewmatrix": [
        [
          0.8660253882408142,
          0.5000000596046448,
          -0.0,
          4.76837158203125e-07
        ],
        [
          0.11239375174045563,
          -0.1946716606616974,
          0.9744077920913696,
          0.0
        ],
        [
          0.4872039258480072,
          -0.8438618779182434,
          -0.22478747367858887,
          -8.999999046325684
        ],
        [
          0.0,
          0.0,
          0.0,
          1.0
        ]
      ],
      "fx": 1662.7688,
      "fy": 1662.7688,
      "cx": 960.0,
      "cy": 540.0
    },
    {
      "image_width": 1920,
      "image_height": 1080,
      "fov_x_rad": 1.047198,
      "fov_y_rad": 0.628029,
      "tanfovx": 0.57735,
      "tanfovy": 0.32476,
      "camera_center": [
        8.00180435180664,
        -4.61984395980835,
        -2.131516218185425
      ],
      "viewmatrix": [
        [
          0.5,
          0.8660253882408142,
          -0.0,
          0.0
        ],
        [
          0.1946716606616974,
          -0.11239373683929443,
          0.9744078516960144,
          0.0
        ],
        [
          0.8438619375228882,
          -0.4872039258480072,
          -0.22478747367858887,
          -9.482362747192383
        ],
        [
          0.0,
          0.0,
          0.0,
          1.0
        ]
      ],
      "fx": 1662.7688,
      "fy": 1662.7688,
      "cx": 960.0,
      "cy": 540.0
    },
    {
      "image_width": 1920,
      "image_height": 1080,
      "fov_x_rad": 1.047198,
      "fov_y_rad": 0.628029,
      "tanfovx": 0.57735,
      "tanfovy": 0.32476,
      "camera_center": [
        10.0,
        -4.8985871985824346e-15,
        -2.5648943265918793e-15
      ],
      "viewmatrix": [
        [
          4.898587410340671e-16,
          1.0,
          -0.0,
          0.0
        ],
        [
          2.5648943795314385e-16,
          -1.2564359530840332e-31,
          1.0,
          0.0
        ],
        [
          1.0,
          -4.898587410340671e-16,
          -2.5648943795314385e-16,
          -10.0
        ],
        [
          0.0,
          0.0,
          0.0,
          1.0
        ]
      ],
      "fx": 1662.7688,
      "fy": 1662.7688,
      "cx": 960.0,
      "cy": 540.0
    },
    {
      "image_width": 1920,
      "image_height": 1080,
      "fov_x_rad": 1.047198,
      "fov_y_rad": 0.628029,
      "tanfovx": 0.57735,
      "tanfovy": 0.32476,
      "camera_center": [
        8.875433921813965,
        5.124234199523926,
        2.3642332553863525
      ],
      "viewmatrix": [
        [
          -0.5,
          0.8660253882408142,
          0.0,
          0.0
        ],
        [
          -0.1946716606616974,
          -0.11239373683929443,
          0.9744077920913696,
          0.0
        ],
        [
          0.8438618779182434,
          0.4872038960456848,
          0.22478747367858887,
          -10.517637252807617
        ],
        [
          0.0,
          0.0,
          0.0,
          1.0
        ]
      ],
      "fx": 1662.7688,
      "fy": 1662.7688,
      "cx": 960.0,
      "cy": 540.0
    },
    {
      "image_width": 1920,
      "image_height": 1080,
      "fov_x_rad": 1.047198,
      "fov_y_rad": 0.628029,
      "tanfovx": 0.57735,
      "tanfovy": 0.32476,
      "camera_center": [
        5.359242916107178,
        9.28248119354248,
        2.4726622104644775
      ],
      "viewmatrix": [
        [
          -0.866025447845459,
          0.5,
          0.0,
          0.0
        ],
        [
          -0.11239373683929443,
          -0.19467167556285858,
          0.9744079113006592,
          -2.384185791015625e-07
        ],
        [
          0.4872038960456848,
          0.8438619375228882,
          0.22478747367858887,
          -11.0
        ],
        [
          0.0,
          0.0,
          0.0,
          1.0
        ]
      ],
      "fx": 1662.7688,
      "fy": 1662.7688,
      "cx": 960.0,
      "cy": 540.0
    },
    {
      "image_width": 1920,
      "image_height": 1080,
      "fov_x_rad": 1.047198,
      "fov_y_rad": 0.628029,
      "tanfovx": 0.57735,
      "tanfovy": 0.32476,
      "camera_center": [
        6.290271224767196e-15,
        11.414213180541992,
        3.2935781363899143e-15
      ],
      "viewmatrix": [
        [
          -1.0,
          5.510910704284357e-16,
          0.0,
          4.235164736271502e-22
        ],
        [
          -1.590176666796613e-31,
          -2.885506143885644e-16,
          1.0,
          0.0
        ],
        [
          5.510910704284357e-16,
          1.0,
          2.885506143885644e-16,
          -11.414213180541992
        ],
        [
          0.0,
          0.0,
          0.0,
          1.0
        ]
      ],
      "fx": 1662.7688,
      "fy": 1662.7688,
      "cx": 960.0,
      "cy": 540.0
    },
    {
      "image_width": 1920,
      "image_height": 1080,
      "fov_x_rad": 1.047198,
      "fov_y_rad": 0.628029,
      "tanfovx": 0.57735,
      "tanfovy": 0.32476,
      "camera_center": [
        -5.715900897979736,
        9.90023136138916,
        -2.6372179985046387
      ],
      "viewmatrix": [
        [
          -0.866025447845459,
          -0.5,
          0.0,
          0.0
        ],
        [
          -0.11239373683929443,
          0.19467167556285858,
          0.9744079113006592,
          0.0
        ],
        [
          -0.4872038960456848,
          0.8438619375228882,
          -0.22478747367858887,
          -11.732050895690918
        ],
        [
          0.0,
          0.0,
          0.0,
          1.0
        ]
      ],
      "fx": 1662.7688,
      "fy": 1662.7688,
      "cx": 960.0,
      "cy": 540.0
    },
    {
      "image_width": 1920,
      "image_height": 1080,
      "fov_x_rad": 1.047198,
      "fov_y_rad": 0.628029,
      "tanfovx": 0.57735,
      "tanfovy": 0.32476,
      "camera_center": [
        -10.068835258483887,
        5.813244819641113,
        -2.682130813598633
      ],
      "viewmatrix": [
        [
          -0.5,
          -0.8660253882408142,
          0.0,
          0.0
        ],
        [
          -0.1946716457605362,
          0.11239372938871384,
          0.9744077920913696,
          0.0
        ],
        [
          -0.8438618779182434,
          0.4872038960456848,
          -0.22478745877742767,
          -11.93185043334961
        ],
        [
          0.0,
          0.0,
          0.0,
          1.0
        ]
      ],
      "fx": 1662.7688,
      "fy": 1662.7688,
      "cx": 960.0,
      "cy": 540.0
    },
    {
      "image_width": 1920,
      "image_height": 1080,
      "fov_x_rad": 1.047198,
      "fov_y_rad": 0.628029,
      "tanfovx": 0.57735,
      "tanfovy": 0.32476,
      "camera_center": [
        -12.0,
        2.866416414122608e-14,
        -1.500852088822443e-14
      ],
      "viewmatrix": [
        [
          -2.388680345102173e-15,
          -1.0,
          0.0,
          0.0
        ],
        [
          -1.2507101093117419e-15,
          2.987546728321071e-30,
          1.0,
          0.0
        ],
        [
          -1.0,
          2.388680345102173e-15,
          -1.2507101093117419e-15,
          -12.0
        ],
        [
          0.0,
          0.0,
          0.0,
          1.0
        ]
      ],
      "fx": 1662.7688,
      "fy": 1662.7688,
      "cx": 960.0,
      "cy": 540.0
    },
    {
      "image_width": 1920,
      "image_height": 1080,
      "fov_x_rad": 1.047198,
      "fov_y_rad": 0.628029,
      "tanfovx": 0.57735,
      "tanfovy": 0.32476,
      "camera_center": [
        -10.068835258483887,
        -5.813244819641113,
        2.682130813598633
      ],
      "viewmatrix": [
        [
          0.5,
          -0.8660253882408142,
          0.0,
          0.0
        ],
        [
          0.1946716457605362,
          0.11239372938871384,
          0.9744077920913696,
          0.0
        ],
        [
          -0.8438618779182434,
          -0.4872038960456848,
          0.22478745877742767,
          -11.93185043334961
        ],
        [
          0.0,
          0.0,
          0.0,
          1.0
        ]
      ],
      "fx": 1662.7688,
      "fy": 1662.7688,
      "cx": 960.0,
      "cy": 540.0
    },
    {
      "image_width": 1920,
      "image_height": 1080,
      "fov_x_rad": 1.047198,
      "fov_y_rad": 0.628029,
      "tanfovx": 0.57735,
      "tanfovy": 0.32476,
      "camera_center": [
        -5.715900897979736,
        -9.90023136138916,
        2.6372179985046387
      ],
      "viewmatrix": [
        [
          0.866025447845459,
          -0.5,
          0.0,
          0.0
        ],
        [
          0.11239373683929443,
          0.19467167556285858,
          0.9744079113006592,
          0.0
        ],
        [
          -0.4872038960456848,
          -0.8438619375228882,
          0.22478747367858887,
          -11.732050895690918
        ],
        [
          0.0,
          0.0,
          0.0,
          1.0
        ]
      ],
      "fx": 1662.7688,
      "fy": 1662.7688,
      "cx": 960.0,
      "cy": 540.0
    },
    {
      "image_width": 1920,
      "image_height": 1080,
      "fov_x_rad": 1.047198,
      "fov_y_rad": 0.628029,
      "tanfovx": 0.57735,
      "tanfovy": 0.32476,
      "camera_center": [
        1.258760755134744e-14,
        -11.414213180541992,
        -6.590855689176962e-15
      ],
      "viewmatrix": [
        [
          1.0,
          1.1028011101830775e-15,
          -0.0,
          -8.470329472543003e-22
        ],
        [
          6.367852732443971e-31,
          -5.774253247585719e-16,
          1.0,
          0.0
        ],
        [
          1.1028011101830775e-15,
          -1.0,
          -5.774253247585719e-16,
          -11.414213180541992
        ],
        [
          0.0,
          0.0,
          0.0,
          1.0
        ]
      ],
      "fx": 1662.7688,
      "fy": 1662.7688,
      "cx": 960.0,
      "cy": 540.0
    },
    {
      "image_width": 1920,
      "image_height": 1080,
      "fov_x_rad": 1.047198,
      "fov_y_rad": 0.628029,
      "tanfovx": 0.57735,
      "tanfovy": 0.32476,
      "camera_center": [
        5.359242916107178,
        -9.28248119354248,
        -2.4726622104644775
      ],
      "viewmatrix": [
        [
          0.866025447845459,
          0.5,
          -0.0,
          0.0
        ],
        [
          0.11239373683929443,
          -0.19467167556285858,
          0.9744079113006592,
          2.384185791015625e-07
        ],
        [
          0.4872038960456848,
          -0.8438619375228882,
          -0.22478747367858887,
          -11.0
        ],
        [
          0.0,
          0.0,
          0.0,
          1.0
        ]
      ],
      "fx": 1662.7688,
      "fy": 1662.7688,
      "cx": 960.0,
      "cy": 540.0
    },
    {
      "image_width": 1920,
      "image_height": 1080,
      "fov_x_rad": 1.047198,
      "fov_y_rad": 0.628029,
      "tanfovx": 0.57735,
      "tanfovy": 0.32476,
      "camera_center": [
        8.875433921813965,
        -5.124234199523926,
        -2.3642332553863525
      ],
      "viewmatrix": [
        [
          0.5,
          0.8660253882408142,
          -0.0,
          0.0
        ],
        [
          0.1946716606616974,
          -0.11239373683929443,
          0.9744077920913696,
          0.0
        ],
        [
          0.8438618779182434,
          -0.4872038960456848,
          -0.22478747367858887,
          -10.517637252807617
        ],
        [
          0.0,
          0.0,
          0.0,
          1.0
        ]
      ],
      "fx": 1662.7688,
      "fy": 1662.7688,
      "cx": 960.0,
      "cy": 540.0
    },
    {
      "image_width": 1920,
      "image_height": 1080,
      "fov_x_rad": 1.047198,
      "fov_y_rad": 0.628029,
      "tanfovx": 0.57735,
      "tanfovy": 0.32476,
      "camera_center": [
        10.0,
        -7.347880374357178e-15,
        -3.8473413840087005e-15
      ],
      "viewmatrix": [
        [
          7.347880586115415e-16,
          1.0,
          -0.0,
          0.0
        ],
        [
          3.8473414369482597e-16,
          -2.826980453628693e-31,
          1.0,
          0.0
        ],
        [
          1.0,
          -7.347880586115415e-16,
          -3.8473414369482597e-16,
          -10.0
        ],
        [
          0.0,
          0.0,
          0.0,
          1.0
        ]
      ],
      "fx": 1662.7688,
      "fy": 1662.7688,
      "cx": 960.0,
      "cy": 540.0
    },
    {
      "image_width": 1920,
      "image_height": 1080,
      "fov_x_rad": 1.047198,
      "fov_y_rad": 0.628029,
      "tanfovx": 0.57735,
      "tanfovy": 0.32476,
      "camera_center": [
        8.00180435180664,
        4.61984395980835,
        2.131516218185425
      ],
      "viewmatrix": [
        [
          -0.5,
          0.8660253882408142,
          0.0,
          0.0
        ],
        [
          -0.1946716606616974,
          -0.11239373683929443,
          0.9744078516960144,
          0.0
        ],
        [
          0.8438619375228882,
          0.4872039258480072,
          0.22478747367858887,
          -9.482362747192383
        ],
        [
          0.0,
          0.0,
          0.0,
          1.0
        ]
      ],
      "fx": 1662.7688,
      "fy": 1662.7688,
      "cx": 960.0,
      "cy": 540.0
    },
    {
      "image_width": 1920,
      "image_height": 1080,
      "fov_x_rad": 1.047198,
      "fov_y_rad": 0.628029,
      "tanfovx": 0.57735,
      "tanfovy": 0.32476,
      "camera_center": [
        4.384835243225098,
        7.594757080078125,
        2.0230872631073
      ],
      "viewmatrix": [
        [
          -0.8660253882408142,
          0.5000000596046448,
          0.0,
          -4.76837158203125e-07
        ],
        [
          -0.11239375174045563,
          -0.1946716606616974,
          0.9744077920913696,
          0.0
        ],
        [
          0.4872039258480072,
          0.8438618779182434,
          0.22478747367858887,
          -8.999999046325684
        ],
        [
          0.0,
          0.0,
          0.0,
          1.0
        ]
      ],
      "fx": 1662.7688,
      "fy": 1662.7688,
      "cx": 960.0,
      "cy": 540.0
    },
    {
      "image_width": 1920,
      "image_height": 1080,
      "fov_x_rad": 1.047198,
      "fov_y_rad": 0.628029,
      "tanfovx": 0.57735,
      "tanfovy": 0.32476,
      "camera_center": [
        2.2085880962085212e-14,
        8.585786819458008,
        1.1564141029311858e-14
      ],
      "viewmatrix": [
        [
          -1.0,
          2.5723770156479238e-15,
          0.0,
          0.0
        ],
        [
          -3.464717877297256e-30,
          -1.3468935592086647e-15,
          1.0,
          0.0
        ],
        [
          2.5723770156479238e-15,
          1.0,
          1.3468935592086647e-15,
          -8.585786819458008
        ],
        [
          0.0,
          0.0,
          0.0,
          1.0
        ]
      ],
      "fx": 1662.7688,
      "fy": 1662.7688,
      "cx": 960.0,
      "cy": 540.0
    },
    {
      "image_width": 1920,
      "image_height": 1080,
      "fov_x_rad": 1.047198,
      "fov_y_rad": 0.628029,
      "tanfovx": 0.57735,
      "tanfovy": 0.32476,
      "camera_center": [
        -4.028177261352539,
        6.9770073890686035,
        -1.8585313558578491
      ],
      "viewmatrix": [
        [
          -0.8660253882408142,
          -0.5,
          0.0,
          0.0
        ],
        [
          -0.11239373683929443,
          0.1946716606616974,
          0.9744078516960144,
          1.1920928955078125e-07
        ],
        [
          -0.4872039258480072,
          0.8438619375228882,
          -0.22478747367858887,
          -8.267949104309082
        ],
        [
          0.0,
          0.0,
          0.0,
          1.0
        ]
      ],
      "fx": 1662.7688,
      "fy": 1662.7688,
      "cx": 960.0,
      "cy": 540.0
    },
    {
      "image_width": 1920,
      "image_height": 1080,
      "fov_x_rad": 1.047198,
      "fov_y_rad": 0.628029,
      "tanfovx": 0.57735,
      "tanfovy": 0.32476,
      "camera_center": [
        -6.808403015136719,
        3.930833339691162,
        -1.8136186599731445
      ],
      "viewmatrix": [
        [
          -0.5,
          -0.8660253882408142,
          0.0,
          0.0
        ],
        [
          -0.1946716457605362,
          0.11239372938871384,
          0.9744077920913696,
          1.1920928955078125e-07
        ],
        [
          -0.8438618779182434,
          0.4872038960456848,
          -0.22478745877742767,
          -8.068147659301758
        ],
        [
          0.0,
          0.0,
          0.0,
          1.0
        ]
      ],
      "fx": 1662.7688,
      "fy": 1662.7688,
      "cx": 960.0,
      "cy": 540.0
    },
    {
      "image_width": 1920,
      "image_height": 1080,
      "fov_x_rad": 1.047198,
      "fov_y_rad": 0.628029,
      "tanfovx": 0.57735,
      "tanfovy": 0.32476,
      "camera_center": [
        -8.0,
        6.858022162718703e-15,
        -3.5908517607670994e-15
      ],
      "viewmatrix": [
        [
          -8.572527703398379e-16,
          -1.0,
          0.0,
          0.0
        ],
        [
          -4.488564700958874e-16,
          3.847834525919516e-31,
          1.0,
          0.0
        ],
        [
          -1.0,
          8.572527703398379e-16,
          -4.488564700958874e-16,
          -8.0
        ],
        [
          0.0,
          0.0,
          0.0,
          1.0
        ]
      ],
      "fx": 1662.7688,
      "fy": 1662.7688,
      "cx": 960.0,
      "cy": 540.0
    },
    {
      "image_width": 1920,
      "image_height": 1080,
      "fov_x_rad": 1.047198,
      "fov_y_rad": 0.628029,
      "tanfovx": 0.57735,
      "tanfovy": 0.32476,
      "camera_center": [
        -6.808403015136719,
        -3.930833339691162,
        1.8136186599731445
      ],
      "viewmatrix": [
        [
          0.5,
          -0.8660253882408142,
          0.0,
          0.0
        ],
        [
          0.1946716457605362,
          0.11239372938871384,
          0.9744077920913696,
          -1.1920928955078125e-07
        ],
        [
          -0.8438618779182434,
          -0.4872038960456848,
          0.22478745877742767,
          -8.068147659301758
        ],
        [
          0.0,
          0.0,
          0.0,
          1.0
        ]
      ],
      "fx": 1662.7688,
      "fy": 1662.7688,
      "cx": 960.0,
      "cy": 540.0
    },
    {
      "image_width": 1920,
      "image_height": 1080,
      "fov_x_rad": 1.047198,
      "fov_y_rad": 0.628029,
      "tanfovx": 0.57735,
      "tanfovy": 0.32476,
      "camera_center": [
        -4.028177261352539,
        -6.9770073890686035,
        1.8585313558578491
      ],
      "viewmatrix": [
        [
          0.8660253882408142,
          -0.5,
          0.0,
          0.0
        ],
        [
          0.11239373683929443,
          0.1946716606616974,
          0.9744078516960144,
          -1.1920928955078125e-07
        ],
        [
          -0.4872039258480072,
          -0.8438619375228882,
          0.22478747367858887,
          -8.267949104309082
        ],
        [
          0.0,
          0.0,
          0.0,
          1.0
        ]
      ],
      "fx": 1662.7688,
      "fy": 1662.7688,
      "cx": 960.0,
      "cy": 540.0
    },
    {
      "image_width": 1920,
      "image_height": 1080,
      "fov_x_rad": 1.047198,
      "fov_y_rad": 0.628029,
      "tanfovx": 0.57735,
      "tanfovy": 0.32476,
      "camera_center": [
        7.365503741857751e-15,
        -8.585786819458008,
        -3.856568537419615e-15
      ],
      "viewmatrix": [
        [
          1.0,
          8.57871739666044e-16,
          -0.0,
          0.0
        ],
        [
          3.8533932036056843e-31,
          -4.491805660773306e-16,
          1.0,
          0.0
        ],
        [
          8.57871739666044e-16,
          -1.0,
          -4.491805660773306e-16,
          -8.585786819458008
        ],
        [
          0.0,
          0.0,
          0.0,
          1.0
        ]
      ],
      "fx": 1662.7688,
      "fy": 1662.7688,
      "cx": 960.0,
      "cy": 540.0
    },
    {
      "image_width": 1920,
      "image_height": 1080,
      "fov_x_rad": 1.047198,
      "fov_y_rad": 0.628029,
      "tanfovx": 0.57735,
      "tanfovy": 0.32476,
      "camera_center": [
        4.384835243225098,
        -7.594757080078125,
        -2.0230872631073
      ],
      "viewmatrix": [
        [
          0.8660253882408142,
          0.5000000596046448,
          -0.0,
          4.76837158203125e-07
        ],
        [
          0.11239375174045563,
          -0.1946716606616974,
          0.9744077920913696,
          0.0
        ],
        [
          0.4872039258480072,
          -0.8438618779182434,
          -0.22478747367858887,
          -8.999999046325684
        ],
        [
          0.0,
          0.0,
          0.0,
          1.0
        ]
      ],
      "fx": 1662.7688,
      "fy": 1662.7688,
      "cx": 960.0,
