{
  "cameras": [
    {
      "id": 0,
      "image_width": 1920,
      "image_height": 1080,
      "fov_x_rad": 1.047198,
      "fov_y_rad": 0.628029,
      "tanfovx": 0.57735,
      "tanfovy": 0.32476,
      "camera_center": [
        8.0,
        0.0,
        0.0
      ],
      "viewmatrix": [
        [
          0.0,
          1.0,
          -0.0,
          0.0
        ],
        [
          -0.0,
          0.0,
          -1.0,
          0.0
        ],
        [
          -1.0,
          0.0,
          0.0,
          8.0
        ],
        [
          0.0,
          0.0,
          0.0,
          1.0
        ]
      ],
      "fx": 1662.7688,
      "fy": 1662.7688,
      "cx": 960.0,
      "cy": 540.0
    },
    {
      "id": 1,
      "image_width": 1920,
      "image_height": 1080,
      "fov_x_rad": 1.047198,
      "fov_y_rad": 0.628029,
      "tanfovx": 0.57735,
      "tanfovy": 0.32476,
      "camera_center": [
        7.359563827514648,
        4.249046325683594,
        0.5767022967338562
      ],
      "viewmatrix": [
        [
          -0.5,
          0.8660253882408142,
          0.0,
          0.0
        ],
        [
          0.058635834604501724,
          0.03385341539978981,
          -0.9977052211761475,
          0.0
        ],
        [
          -0.8640381097793579,
          -0.4988526403903961,
          -0.06770683079957962,
          8.517638206481934
        ],
        [
          0.0,
          0.0,
          0.0,
          1.0
        ]
      ],
      "fx": 1662.7688,
      "fy": 1662.7688,
      "cx": 960.0,
      "cy": 540.0
    },
    {
      "id": 2,
      "image_width": 1920,
      "image_height": 1080,
      "fov_x_rad": 1.047198,
      "fov_y_rad": 0.628029,
      "tanfovx": 0.57735,
      "tanfovy": 0.32476,
      "camera_center": [
        4.4615020751953125,
        7.727548122406006,
        1.1747357845306396
      ],
      "viewmatrix": [
        [
          -0.8660253882408142,
          0.5,
          0.0,
          0.0
        ],
        [
          0.06526309996843338,
          0.11303900182247162,
          -0.9914448857307434,
          -1.1920928955078125e-07
        ],
        [
          -0.4957224428653717,
          -0.8586164712905884,
          -0.13052619993686676,
          9.000000953674316
        ],
        [
          0.0,
          0.0,
          0.0,
          1.0
        ]
      ],
      "fx": 1662.7688,
      "fy": 1662.7688,
      "cx": 960.0,
      "cy": 540.0
    },
    {
      "id": 3,
      "image_width": 1920,
      "image_height": 1080,
      "fov_x_rad": 1.047198,
      "fov_y_rad": 0.628029,
      "tanfovx": 0.57735,
      "tanfovy": 0.32476,
      "camera_center": [
        2.6212645809898898e-15,
        9.253363609313965,
        1.7328234910964966
      ],
      "viewmatrix": [
        [
          -1.0,
          2.832769607891795e-16,
          0.0,
          -2.117582368135751e-22
        ],
        [
          5.2141263737831095e-17,
          0.1840646117925644,
          -0.9829141497612,
          -1.1920928955078125e-07
        ],
        [
          -2.784369351192296e-16,
          -0.9829141497612,
          -0.1840646117925644,
          9.414213180541992
        ],
        [
          0.0,
          0.0,
          0.0,
          1.0
        ]
      ],
      "fx": 1662.7688,
      "fy": 1662.7688,
      "cx": 960.0,
      "cy": 540.0
    },
    {
      "id": 4,
      "image_width": 1920,
      "image_height": 1080,
      "fov_x_rad": 1.047198,
      "fov_y_rad": 0.628029,
      "tanfovx": 0.57735,
      "tanfovy": 0.32476,
      "camera_center": [
        -4.741493225097656,
        8.212507247924805,
        2.187643051147461
      ],
      "viewmatrix": [
        [
          -0.866025447845459,
          -0.5,
          0.0,
          0.0
        ],
        [
          -0.11239372938871384,
          0.1946716606616974,
          -0.9744079113006592,
          2.384185791015625e-07
        ],
        [
          0.4872038960456848,
          -0.8438619375228882,
          -0.22478745877742767,
          9.732050895690918
        ],
        [
          0.0,
          0.0,
          0.0,
          1.0
        ]
      ],
      "fx": 1662.7688,
      "fy": 1662.7688,
      "cx": 960.0,
      "cy": 540.0
    },
    {
      "id": 5,
      "image_width": 1920,
      "image_height": 1080,
      "fov_x_rad": 1.047198,
      "fov_y_rad": 0.628029,
      "tanfovx": 0.57735,
      "tanfovy": 0.32476,
      "camera_center": [
        -8.327683448791504,
        4.807990550994873,
        2.4848721027374268
      ],
      "viewmatrix": [
        [
          -0.5,
          -0.8660253882408142,
          0.0,
          0.0
        ],
        [
          -0.21667282283306122,
          0.12509611248970032,
          -0.9681961536407471,
          -2.384185791015625e-07
        ],
        [
          0.8384824991226196,
          -0.4840981066226959,
          -0.25019222497940063,
          9.931851387023926
        ],
        [
          0.0,
          0.0,
          0.0,
          1.0
        ]
      ],
      "fx": 1662.7688,
      "fy": 1662.7688,
      "cx": 960.0,
      "cy": 540.0
    },
    {
      "id": 6,
      "image_width": 1920,
      "image_height": 1080,
      "fov_x_rad": 1.047198,
      "fov_y_rad": 0.628029,
      "tanfovx": 0.57735,
      "tanfovy": 0.32476,
      "camera_center": [
        -9.659257888793945,
        5.4724901368298495e-15,
        2.5881905555725098
      ],
      "viewmatrix": [
        [
          -5.66553921578359e-16,
          -1.0,
          0.0,
          -4.235164736271502e-22
        ],
        [
          -0.258819043636322,
          1.4663494246198566e-16,
          -0.9659258127212524,
          0.0
        ],
        [
          0.9659258127212524,
          -5.472490348588086e-16,
          -0.258819043636322,
          10.0
        ],
        [
          0.0,
          0.0,
          0.0,
          1.0
        ]
      ],
      "fx": 1662.7688,
      "fy": 1662.7688,
      "cx": 960.0,
      "cy": 540.0
    },
    {
      "id": 7,
      "image_width": 1920,
      "image_height": 1080,
      "fov_x_rad": 1.047198,
      "fov_y_rad": 0.628029,
      "tanfovx": 0.57735,
      "tanfovy": 0.32476,
      "camera_center": [
        -8.327683448791504,
        -4.807990550994873,
        2.4848721027374268
      ],
      "viewmatrix": [
        [
          0.5,
          -0.8660253882408142,
          0.0,
          0.0
        ],
        [
          -0.21667282283306122,
          -0.12509611248970032,
          -0.9681961536407471,
          -2.384185791015625e-07
        ],
        [
          0.8384824991226196,
          0.4840981066226959,
          -0.25019222497940063,
          9.931851387023926
        ],
        [
          0.0,
          0.0,
          0.0,
          1.0
        ]
      ],
      "fx": 1662.7688,
      "fy": 1662.7688,
      "cx": 960.0,
      "cy": 540.0
    },
    {
      "id": 8,
      "image_width": 1920,
      "image_height": 1080,
      "fov_x_rad": 1.047198,
      "fov_y_rad": 0.628029,
      "tanfovx": 0.57735,
      "tanfovy": 0.32476,
      "camera_center": [
        -4.741493225097656,
        -8.212507247924805,
        2.187643051147461
      ],
      "viewmatrix": [
        [
          0.866025447845459,
          -0.5,
          0.0,
          0.0
        ],
        [
          -0.11239372938871384,
          -0.1946716606616974,
          -0.9744079113006592,
          2.384185791015625e-07
        ],
        [
          0.4872038960456848,
          0.8438619375228882,
          -0.22478745877742767,
          9.732050895690918
        ],
        [
          0.0,
          0.0,
          0.0,
          1.0
        ]
      ],
      "fx": 1662.7688,
      "fy": 1662.7688,
      "cx": 960.0,
      "cy": 540.0
    },
    {
      "id": 9,
      "image_width": 1920,
      "image_height": 1080,
      "fov_x_rad": 1.047198,
      "fov_y_rad": 0.628029,
      "tanfovx": 0.57735,
      "tanfovy": 0.32476,
      "camera_center": [
        -1.699815342396326e-15,
        -9.253363609313965,
        1.7328234910964966
      ],
      "viewmatrix": [
        [
          1.0,
          -1.8369702788777518e-16,
          0.0,
          0.0
        ],
        [
          -3.381212257757073e-17,
          -0.1840646117925644,
          -0.9829141497612,
          -1.1920928955078125e-07
        ],
        [
          1.8055841347617337e-16,
          0.9829141497612,
          -0.1840646117925644,
          9.414213180541992
        ],
        [
          0.0,
          0.0,
          0.0,
          1.0
        ]
      ],
      "fx": 1662.7688,
      "fy": 1662.7688,
      "cx": 960.0,
      "cy": 540.0
    },
    {
      "id": 10,
      "image_width": 1920,
      "image_height": 1080,
      "fov_x_rad": 1.047198,
      "fov_y_rad": 0.628029,
      "tanfovx": 0.57735,
      "tanfovy": 0.32476,
      "camera_center": [
        4.4615020751953125,
        -7.727548122406006,
        1.1747357845306396
      ],
      "viewmatrix": [
        [
          0.8660253882408142,
          0.5,
          -0.0,
          0.0
        ],
        [
          0.06526309996843338,
          -0.11303900182247162,
          -0.9914448857307434,
          -1.1920928955078125e-07
        ],
        [
          -0.4957224428653717,
          0.8586164712905884,
          -0.13052619993686676,
          9.000000953674316
        ],
        [
          0.0,
          0.0,
          0.0,
          1.0
        ]
      ],
      "fx": 1662.7688,
      "fy": 1662.7688,
      "cx": 960.0,
      "cy": 540.0
    },
    {
      "id": 11,
      "image_width": 1920,
      "image_height": 1080,
      "fov_x_rad": 1.047198,
      "fov_y_rad": 0.628029,
      "tanfovx": 0.57735,
      "tanfovy": 0.32476,
      "camera_center": [
        7.359563827514648,
        -4.249046325683594,
        0.5767022967338562
      ],
      "viewmatrix": [
        [
          0.5,
          0.8660253882408142,
          -0.0,
          0.0
        ],
        [
          0.058635834604501724,
          -0.03385341539978981,
          -0.9977052211761475,
          0.0
        ],
        [
          -0.8640381097793579,
          0.4988526403903961,
          -0.06770683079957962,
          8.517638206481934
        ],
        [
          0.0,
          0.0,
          0.0,
          1.0
        ]
      ],
      "fx": 1662.7688,
      "fy": 1662.7688,
      "cx": 960.0,
      "cy": 540.0
    },
    {
      "id": 12,
      "image_width": 1920,
      "image_height": 1080,
      "fov_x_rad": 1.047198,
      "fov_y_rad": 0.628029,
      "tanfovx": 0.57735,
      "tanfovy": 0.32476,
      "camera_center": [
        8.0,
        -9.064861898220797e-15,
        1.1865877035013416e-15
      ],
      "viewmatrix": [
        [
          1.1331077372775996e-15,
          1.0,
          -0.0,
          0.0
        ],
        [
          1.483234629376677e-16,
          -1.6806645762308216e-31,
          -1.0,
          0.0
        ],
        [
          -1.0,
          1.1331077372775996e-15,
          -1.483234629376677e-16,
          8.0
        ],
        [
          0.0,
          0.0,
          0.0,
          1.0
        ]
      ],
      "fx": 1662.7688,
      "fy": 1662.7688,
      "cx": 960.0,
      "cy": 540.0
    },
    {
      "id": 13,
      "image_width": 1920,
      "image_height": 1080,
      "fov_x_rad": 1.047198,
      "fov_y_rad": 0.628029,
      "tanfovx": 0.57735,
      "tanfovy": 0.32476,
      "camera_center": [
        6.465045928955078,
        3.732595920562744,
        -0.5066069960594177
      ],
      "viewmatrix": [
        [
          -0.5,
          0.8660253882408142,
          0.0,
          2.384185791015625e-07
        ],
        [
          -0.058635834604501724,
          -0.03385341539978981,
          -0.9977052211761475,
          0.0
        ],
        [
          -0.8640381097793579,
          -0.4988526403903961,
          0.06770683079957962,
          7.482362270355225
        ],
        [
          0.0,
          0.0,
          0.0,
          1.0
        ]
      ],
      "fx": 1662.7688,
      "fy": 1662.7688,
      "cx": 960.0,
      "cy": 540.0
    },
    {
      "id": 14,
      "image_width": 1920,
      "image_height": 1080,
      "fov_x_rad": 1.047198,
      "fov_y_rad": 0.628029,
      "tanfovx": 0.57735,
      "tanfovy": 0.32476,
      "camera_center": [
        3.4700570106506348,
        6.01031494140625,
        -0.9136833548545837
      ],
      "viewmatrix": [
        [
          -0.8660253882408142,
          0.5000000596046448,
          0.0,
          -4.76837158203125e-07
        ],
        [
          -0.06526310741901398,
          -0.11303900182247162,
          -0.9914448857307434,
          5.960464477539063e-08
        ],
        [
          -0.4957224428653717,
          -0.8586164116859436,
          0.13052619993686676,
          7.0
        ],
        [
          0.0,
          0.0,
          0.0,
          1.0
        ]
      ],
      "fx": 1662.7688,
      "fy": 1662.7688,
      "cx": 960.0,
      "cy": 540.0
    },
    {
      "id": 15,
      "image_width": 1920,
      "image_height": 1080,
      "fov_x_rad": 1.047198,
      "fov_y_rad": 0.628029,
      "tanfovx": 0.57735,
      "tanfovy": 0.32476,
      "camera_center": [
        1.981865031854273e-15,
        6.473262786865234,
        -1.2122101783752441
      ],
      "viewmatrix": [
        [
          -1.0,
          3.0616167344162256e-16,
          0.0,
          0.0
        ],
        [
          -5.635353211474713e-17,
          -0.1840646117925644,
          -0.9829142093658447,
          0.0
        ],
        [
          -3.00930662657176e-16,
          -0.9829142093658447,
          0.1840646117925644,
          6.585786819458008
        ],
        [
          0.0,
          0.0,
          0.0,
          1.0
        ]
      ],
      "fx": 1662.7688,
      "fy": 1662.7688,
      "cx": 960.0,
      "cy": 540.0
    },
    {
      "id": 16,
      "image_width": 1920,
      "image_height": 1080,
      "fov_x_rad": 1.047198,
      "fov_y_rad": 0.628029,
      "tanfovx": 0.57735,
      "tanfovy": 0.32476,
      "camera_center": [
        -3.05376935005188,
        5.289283752441406,
        -1.4089564085006714
      ],
      "viewmatrix": [
        [
          -0.8660253882408142,
          -0.4999999701976776,
          0.0,
          -2.384185791015625e-07
        ],
        [
          0.11239371448755264,
          -0.194671630859375,
          -0.9744077324867249,
          -1.1920928955078125e-07
        ],
        [
          0.4872038662433624,
          -0.8438618779182434,
          0.22478744387626648,
          6.267948627471924
        ],
        [
          0.0,
          0.0,
          0.0,
          1.0
        ]
      ],
      "fx": 1662.7688,
      "fy": 1662.7688,
      "cx": 960.0,
      "cy": 540.0
    },
    {
      "id": 17,
      "image_width": 1920,
      "image_height": 1080,
      "fov_x_rad": 1.047198,
      "fov_y_rad": 0.628029,
      "tanfovx": 0.57735,
      "tanfovy": 0.32476,
      "camera_center": [
        -5.088036060333252,
        2.9375791549682617,
        -1.5182034969329834
      ],
      "viewmatrix": [
        [
          -0.5,
          -0.8660253882408142,
          0.0,
          0.0
        ],
        [
          0.21667279303073883,
          -0.12509609758853912,
          -0.9681960940361023,
          -1.1920928955078125e-07
        ],
        [
          0.8384824395179749,
          -0.48409807682037354,
          0.25019219517707825,
          6.068147659301758
        ],
        [
          0.0,
          0.0,
          0.0,
          1.0
        ]
      ],
      "fx": 1662.7688,
      "fy": 1662.7688,
      "cx": 960.0,
      "cy": 540.0
    },
    {
      "id": 18,
      "image_width": 1920,
      "image_height": 1080,
      "fov_x_rad": 1.047198,
      "fov_y_rad": 0.628029,
      "tanfovx": 0.57735,
      "tanfovy": 0.32476,
      "camera_center": [
        -5.795555114746094,
        2.129252364566547e-15,
        -1.5529142618179321
      ],
      "viewmatrix": [
        [
          -3.6739400283599115e-16,
          -1.0,
          0.0,
          2.117582368135751e-22
        ],
        [
          0.258819043636322,
          -9.5088567168368e-17,
          -0.9659258723258972,
          -1.1920928955078125e-07
        ],
        [
          0.9659258723258972,
          -3.5487538527116463e-16,
          0.258819043636322,
          6.000000476837158
        ],
        [
          0.0,
          0.0,
          0.0,
          1.0
        ]
      ],
      "fx": 1662.7688,
      "fy": 1662.7688,
      "cx": 960.0,
      "cy": 540.0
    },
    {
      "id": 19,
      "image_width": 1920,
      "image_height": 1080,
      "fov_x_rad": 1.047198,
      "fov_y_rad": 0.628029,
      "tanfovx": 0.57735,
      "tanfovy": 0.32476,
      "camera_center": [
        -5.088036060333252,
        -2.9375791549682617,
        -1.5182034969329834
      ],
      "viewmatrix": [
        [
          0.5,
          -0.8660253882408142,
          0.0,
          0.0
        ],
        [
          0.21667279303073883,
          0.12509609758853912,
          -0.9681960940361023,
          -1.1920928955078125e-07
        ],
        [
          0.8384824395179749,
          0.48409807682037354,
          0.25019219517707825,
          6.068147659301758
        ],
        [
          0.0,
          0.0,
          0.0,
          1.0
        ]
      ],
      "fx": 1662.7688,
      "fy": 1662.7688,
      "cx": 960.0,
      "cy": 540.0
    },
    {
      "id": 20,
      "image_width": 1920,
      "image_height": 1080,
      "fov_x_rad": 1.047198,
      "fov_y_rad": 0.628029,
      "tanfovx": 0.57735,
      "tanfovy": 0.32476,
      "camera_center": [
        -3.05376935005188,
        -5.289283752441406,
        -1.4089564085006714
      ],
      "viewmatrix": [
        [
          0.8660253882408142,
          -0.4999999701976776,
          0.0,
          2.384185791015625e-07
        ],
        [
          0.11239371448755264,
          0.194671630859375,
          -0.9744077324867249,
          -1.1920928955078125e-07
        ],
        [
          0.4872038662433624,
          0.8438618779182434,
          0.22478744387626648,
          6.267948627471924
        ],
        [
          0.0,
          0.0,
          0.0,
          1.0
        ]
      ],
      "fx": 1662.7688,
      "fy": 1662.7688,
      "cx": 960.0,
      "cy": 540.0
    },
    {
      "id": 21,
      "image_width": 1920,
      "image_height": 1080,
      "fov_x_rad": 1.047198,
      "fov_y_rad": 0.628029,
      "tanfovx": 0.57735,
      "tanfovy": 0.32476,
      "camera_center": [
        -2.7746112140025715e-15,
        -6.473262786865234,
        -1.2122101783752441
      ],
      "viewmatrix": [
        [
          1.0,
          -4.2862635870013935e-16,
          0.0,
          2.117582368135751e-22
        ],
        [
          7.889494496064598e-17,
          0.1840646117925644,
          -0.9829142093658447,
          0.0
        ],
        [
          4.2130293830795827e-16,
          0.9829142093658447,
          0.1840646117925644,
          6.585786819458008
        ],
        [
          0.0,
          0.0,
          0.0,
          1.0
        ]
      ],
      "fx": 1662.7688,
      "fy": 1662.7688,
      "cx": 960.0,
      "cy": 540.0
    },
    {
      "id": 22,
      "image_width": 1920,
      "image_height": 1080,
      "fov_x_rad": 1.047198,
      "fov_y_rad": 0.628029,
      "tanfovx": 0.57735,
      "tanfovy": 0.32476,
      "camera_center": [
        3.4700570106506348,
        -6.01031494140625,
        -0.9136833548545837
      ],
      "viewmatrix": [
        [
          0.8660253882408142,
          0.5000000596046448,
          -0.0,
          4.76837158203125e-07
        ],
        [
          -0.06526310741901398,
          0.11303900182247162,
          -0.9914448857307434,
          5.960464477539063e-08
        ],
        [
          -0.4957224428653717,
          0.8586164116859436,
          0.13052619993686676,
          7.0
        ],
        [
          0.0,
          0.0,
          0.0,
          1.0
        ]
      ],
      "fx": 1662.7688,
      "fy": 1662.7688,
      "cx": 960.0,
      "cy": 540.0
    },
    {
      "id": 23,
      "image_width": 1920,
      "image_height": 1080,
      "fov_x_rad": 1.047198,
      "fov_y_rad": 0.628029,
      "tanfovx": 0.57735,
      "tanfovy": 0.32476,
      "camera_center": [
        6.465045928955078,
        -3.732595920562744,
        -0.5066069960594177
      ],
      "viewmatrix": [
        [
          0.5,
          0.8660253882408142,
          -0.0,
          -2.384185791015625e-07
        ],
        [
          -0.058635834604501724,
          0.03385341539978981,
          -0.9977052211761475,
          0.0
        ],
        [
          -0.8640381097793579,
          0.4988526403903961,
          0.06770683079957962,
          7.482362270355225
        ],
        [
          0.0,
          0.0,
          0.0,
          1.0
        ]
      ],
      "fx": 1662.7688,
      "fy": 1662.7688,
      "cx": 960.0,
      "cy": 540.0
    },
    {
      "id": 24,
      "image_width": 1920,
      "image_height": 1080,
      "fov_x_rad": 1.047198,
      "fov_y_rad": 0.628029,
      "tanfovx": 0.57735,
      "tanfovy": 0.32476,
      "camera_center": [
        8.0,
        -1.8129723796441594e-14,
        -2.3731754070026832e-15
      ],
      "viewmatrix": [
        [
          2.2662154745551992e-15,
          1.0,
          -0.0,
          0.0
        ],
        [
          -2.966469258753354e-16,
          6.7226583049232865e-31,
          -1.0,
          0.0
        ],
        [
          -1.0,
          2.2662154745551992e-15,
          2.966469258753354e-16,
          8.0
        ],
        [
          0.0,
          0.0,
          0.0,
          1.0
        ]
      ],
      "fx": 1662.7688,
      "fy": 1662.7688,
      "cx": 960.0,
      "cy": 540.0
    },
    {
      "id": 25,
      "image_width": 1920,
      "image_height": 1080,
      "fov_x_rad": 1.047198,
      "fov_y_rad": 0.628029,
      "tanfovx": 0.57735,
      "tanfovy": 0.32476,
      "camera_center": [
        7.359563827514648,
        4.249046325683594,
        0.5767022967338562
      ],
      "viewmatrix": [
        [
          -0.5,
          0.8660253882408142,
          0.0,
          0.0
        ],
        [
          0.058635834604501724,
          0.03385341539978981,
          -0.9977052211761475,
          0.0
        ],
        [
          -0.8640381097793579,
          -0.4988526403903961,
          -0.06770683079957962,
          8.517638206481934
        ],
        [
          0.0,
          0.0,
          0.0,
          1.0
        ]
      ],
      "fx": 1662.7688,
      "fy": 1662.7688,
      "cx": 960.0,
      "cy": 540.0
    },
    {
      "id": 26,
      "image_width": 1920,
      "image_height": 1080,
      "fov_x_rad": 1.047198,
      "fov_y_rad": 0.628029,
      "tanfovx": 0.57735,
      "tanfovy": 0.32476,
      "camera_center": [
        4.4615020751953125,
        7.727548122406006,
        1.1747357845306396
      ],
      "viewmatrix": [
        [
          -0.8660253882408142,
          0.5,
          0.0,
          0.0
        ],
        [
          0.06526309996843338,
          0.11303900182247162,
          -0.9914448857307434,
          -1.1920928955078125e-07
        ],
        [
          -0.4957224428653717,
          -0.8586164712905884,
          -0.13052619993686676,
          9.000000953674316
        ],
        [
          0.0,
          0.0,
          0.0,
          1.0
        ]
      ],
      "fx": 1662.7688,
      "fy": 1662.7688,
      "cx": 960.0,
      "cy": 540.0
    },
    {
      "id": 27,
      "image_width": 1920,
      "image_height": 1080,
      "fov_x_rad": 1.047198,
      "fov_y_rad": 0.628029,
      "tanfovx": 0.57735,
      "tanfovy": 0.32476,
      "camera_center": [
        5.099445815430741e-15,
        9.253363609313965,
        1.7328234910964966
      ],
      "viewmatrix": [
        [
          -1.0,
          5.510910704284357e-16,
          0.0,
          -4.235164736271502e-22
        ],
        [
          1.0143636442398973e-16,
          0.1840646117925644,
          -0.9829141497612,
          -1.1920928955078125e-07
        ],
        [
          -5.416751874889609e-16,
          -0.9829141497612,
          -0.1840646117925644,
          9.414213180541992
        ],
        [
          0.0,
          0.0,
          0.0,
          1.0
        ]
      ],
      "fx": 1662.7688,
      "fy": 1662.7688,
      "cx": 960.0,
      "cy": 540.0
    },
    {
      "id": 28,
      "image_width": 1920,
      "image_height": 1080,
      "fov_x_rad": 1.047198,
      "fov_y_rad": 0.628029,
      "tanfovx": 0.57735,
      "tanfovy": 0.32476,
      "camera_center": [
        -4.741493225097656,
        8.212507247924805,
        2.187643051147461
      ],
      "viewmatrix": [
        [
          -0.866025447845459,
          -0.5,
          0.0,
          0.0
        ],
        [
          -0.11239372938871384,
          0.1946716606616974,
          -0.9744079113006592,
          2.384185791015625e-07
        ],
        [
          0.4872038960456848,
          -0.8438619375228882,
          -0.22478745877742767,
          9.732050895690918
        ],
        [
          0.0,
          0.0,
          0.0,
          1.0
        ]
      ],
      "fx": 1662.7688,
      "fy": 1662.7688,
      "cx": 960.0,
      "cy": 540.0
    },
    {
      "id": 29,
      "image_width": 1920,
      "image_height": 1080,
      "fov_x_rad": 1.047198,
      "fov_y_rad": 0.628029,
      "tanfovx": 0.57735,
      "tanfovy": 0.32476,
      "camera_center": [
        -8.327683448791504,
        4.807990550994873,
        2.4848721027374268
      ],
      "viewmatrix": [
        [
          -0.5,
          -0.8660253882408142,
          0.0,
          0.0
        ],
        [
          -0.21667282283306122,
          0.12509611248970032,
          -0.9681961536407471,
          -2.384185791015625e-07
        ],
        [
          0.8384824991226196,
          -0.4840981066226959,
          -0.25019222497940063,
          9.931851387023926
        ],
        [
          0.0,
          0.0,
          0.0,
          1.0
        ]
      ],
      "fx": 1662.7688,
      "fy": 1662.7688,
      "cx": 960.0,
      "cy": 540.0
    },
    {
      "id": 30,
      "image_width": 1920,
      "image_height": 1080,
      "fov_x_rad": 1.047198,
      "fov_y_rad": 0.628029,
      "tanfovx": 0.57735,
      "tanfovy": 0.32476,
      "camera_center": [
        -9.659257888793945,
        5.914589666286812e-15,
        2.5881905555725098
      ],
      "viewmatrix": [
        [
          -6.123233998228043e-16,
          -1.0,
          0.0,
          0.0
        ],
        [
          -0.258819043636322,
          1.5848096292713306e-16,
          -0.9659258127212524,
          0.0
        ],
        [
          0.9659258127212524,
          -5.914589666286812e-16,
          -0.258819043636322,
          10.0
        ],
        [
          0.0,
          0.0,
          0.0,
          1.0
        ]
      ],
      "fx": 1662.7688,
      "fy": 1662.7688,
      "cx": 960.0,
      "cy": 540.0
    },
    {
      "id": 31,
      "image_width": 1920,
      "image_height": 1080,
      "fov_x_rad": 1.047198,
      "fov_y_rad": 0.628029,
      "tanfovx": 0.57735,
      "tanfovy": 0.32476,
      "camera_center": [
        -8.327683448791504,
        -4.807990550994873,
        2.4848721027374268
      ],
      "viewmatrix": [
        [
          0.5,
          -0.8660253882408142,
          0.0,
          0.0
        ],
        [
          -0.21667282283306122,
          -0.12509611248970032,
          -0.9681961536407471,
          -2.384185791015625e-07
        ],
        [
          0.8384824991226196,
          0.4840981066226959,
          -0.25019222497940063,
          9.931851387023926
        ],
        [
          0.0,
          0.0,
          0.0,
          1.0
        ]
      ],
      "fx": 1662.7688,
      "fy": 1662.7688,
      "cx": 960.0,
      "cy": 540.0
    },
    {
      "id": 32,
      "image_width": 1920,
      "image_height": 1080,
      "fov_x_rad": 1.047198,
      "fov_y_rad": 0.628029,
      "tanfovx": 0.57735,
      "tanfovy": 0.32476,
      "camera_center": [
        -4.741493225097656,
        -8.212507247924805,
        2.187643051147461
      ],
      "viewmatrix": [
        [
          0.866025447845459,
          -0.5,
          0.0,
          0.0
        ],
        [
          -0.11239372938871384,
          -0.1946716606616974,
          -0.9744079113006592,
          2.384185791015625e-07
        ],
        [
          0.4872038960456848,
          0.8438619375228882,
          -0.22478745877742767,
          9.732050895690918
        ],
        [
          0.0,
          0.0,
          0.0,
          1.0
        ]
      ],
      "fx": 1662.7688,
      "fy": 1662.7688,
      "cx": 960.0,
      "cy": 540.0
    },
    {
      "id": 33,
      "image_width": 1920,
      "image_height": 1080,
      "fov_x_rad": 1.047198,
      "fov_y_rad": 0.628029,
      "tanfovx": 0.57735,
      "tanfovy": 0.32476,
      "camera_center": [
        -2.266993220207368e-14,
        -9.253363609313965,
        1.7328234910964966
      ],
      "viewmatrix": [
        [
          1.0,
          -2.44991278037566e-15,
          0.0,
          -1.6940658945086007e-21
        ],
        [
          -4.509422357889419e-16,
          -0.1840646117925644,
          -0.9829141497612,
          -1.1920928955078125e-07
        ],
        [
          2.4080538944300104e-15,
          0.9829141497612,
          -0.1840646117925644,
          9.414213180541992
        ],
        [
          0.0,
          0.0,
          0.0,
          1.0
        ]
      ],
      "fx": 1662.7688,
      "fy": 1662.7688,
      "cx": 960.0,
      "cy": 540.0
    },
    {
      "id": 34,
      "image_width": 1920,
      "image_height": 1080,
      "fov_x_rad": 1.047198,
      "fov_y_rad": 0.628029,
      "tanfovx": 0.57735,
      "tanfovy": 0.32476,
      "camera_center": [
        4.4615020751953125,
        -7.727548122406006,
        1.1747357845306396
      ],
      "viewmatrix": [
        [
          0.8660253882408142,
          0.5,
          -0.0,
          0.0
        ],
        [
          0.06526309996843338,
          -0.11303900182247162,
          -0.9914448857307434,
          -1.1920928955078125e-07
        ],
        [
          -0.4957224428653717,
          0.8586164712905884,
          -0.13052619993686676,
          9.000000953674316
        ],
        [
          0.0,
          0.0,
          0.0,
          1.0
        ]
      ],
      "fx": 1662.7688,
      "fy": 1662.7688,
      "cx": 960.0,
      "cy": 540.0
    },
    {
      "id": 35,
      "image_width": 1920,
      "image_height": 1080,
      "fov_x_rad": 1.047198,
      "fov_y_rad": 0.628029,
      "tanfovx": 0.57735,
      "tanfovy": 0.32476,
      "camera_center": [
        7.359563827514648,
        -4.249046325683594,
        0.5767022967338562
      ],
      "viewmatrix": [
        [
          0.5,
          0.8660253882408142,
          -0.0,
          0.0
        ],
        [
          0.058635834604501724,
          -0.03385341539978981,
          -0.9977052211761475,
          0.0
        ],
        [
          -0.8640381097793579,
          0.4988526403903961,
          -0.06770683079957962,
          8.517638206481934
        ],
        [
          0.0,
          0.0,
          0.0,
          1.0
        ]
      ],
      "fx": 1662.7688,
      "fy": 1662.7688,
      "cx": 960.0,
      "cy": 540.0
    },
    {
      "id": 36,
      "image_width": 1920,
      "image_height": 1080,
      "fov_x_rad": 1.047198,
      "fov_y_rad": 0.628029,
      "tanfovx": 0.57735,
      "tanfovy": 0.32476,
      "camera_center": [
        8.0,
        -5.878304468892332e-15,
        7.694682873896519e-16
      ],
      "viewmatrix": [
        [
          7.347880586115415e-16,
          1.0,
          -0.0,
          0.0
        ],
        [
          9.618353592370649e-17,
          -7.067451134071733e-32,
          -1.0,
          0.0
        ],
        [
          -1.0,
          7.347880586115415e-16,
          -9.618353592370649e-17,
          8.0
        ],
        [
          0.0,
          0.0,
          0.0,
          1.0
        ]
      ],
      "fx": 1662.7688,
      "fy": 1662.7688,
      "cx": 960.0,
      "cy": 540.0
    },
    {
      "id": 37,
      "image_width": 1920,
      "image_height": 1080,
      "fov_x_rad": 1.047198,
      "fov_y_rad": 0.628029,
      "tanfovx": 0.57735,
      "tanfovy": 0.32476,
      "camera_center": [
        6.465045928955078,
        3.732595920562744,
        -0.5066069960594177
      ],
      "viewmatrix": [
        [
          -0.5,
          0.8660253882408142,
          0.0,
          2.384185791015625e-07
        ],
        [
          -0.058635834604501724,
          -0.03385341539978981,
          -0.9977052211761475,
          0.0
        ],
        [
          -0.8640381097793579,
          -0.4988526403903961,
          0.06770683079957962,
          7.482362270355225
        ],
        [
          0.0,
          0.0,
          0.0,
          1.0
        ]
      ],
      "fx": 1662.7688,
      "fy": 1662.7688,
      "cx": 960.0,
      "cy": 540.0
    },
    {
      "id": 38,
      "image_width": 1920,
      "image_height": 1080,
      "fov_x_rad": 1.047198,
      "fov_y_rad": 0.628029,
      "tanfovx": 0.57735,
      "tanfovy": 0.32476,
      "camera_center": [
        3.4700570106506348,
        6.01031494140625,
        -0.9136833548545837
      ],
      "viewmatrix": [
        [
          -0.8660253882408142,
          0.5000000596046448,
          0.0,
          -4.76837158203125e-07
        ],
        [
          -0.06526310741901398,
          -0.11303900182247162,
          -0.9914448857307434,
          5.960464477539063e-08
        ],
        [
          -0.4957224428653717,
          -0.8586164116859436,
          0.13052619993686676,
          7.0
        ],
        [
          0.0,
          0.0,
          0.0,
          1.0
        ]
      ],
      "fx": 1662.7688,
      "fy": 1662.7688,
      "cx": 960.0,
      "cy": 540.0
    },
    {
      "id": 39,
      "image_width": 1920,
      "image_height": 1080,
      "fov_x_rad": 1.047198,
      "fov_y_rad": 0.628029,
      "tanfovx": 0.57735,
      "tanfovy": 0.32476,
      "camera_center": [
        1.6651673326339468e-14,
        6.473262786865234,
        -1.2122101783752441
      ],
      "viewmatrix": [
        [
          -1.0,
          2.5723770156479238e-15,
          0.0,
          1.6940658945086007e-21
        ],
        [
          -4.734835824603918e-16,
          -0.1840646117925644,
          -0.9829142093658447,
          0.0
        ],
        [
          -2.5284259583225558e-15,
          -0.9829142093658447,
          0.1840646117925644,
          6.585786819458008
        ],
        [
          0.0,
          0.0,
          0.0,
          1.0
        ]
      ],
      "fx": 1662.7688,
      "fy": 1662.7688,
      "cx": 960.0,
      "cy": 540.0
    },
    {
      "id": 40,
      "image_width": 1920,
      "image_height": 1080,
      "fov_x_rad": 1.047198,
      "fov_y_rad": 0.628029,
      "tanfovx": 0.57735,
      "tanfovy": 0.32476,
      "camera_center": [
        -3.05376935005188,
        5.289283752441406,
        -1.4089564085006714
      ],
      "viewmatrix": [
        [
          -0.8660253882408142,
          -0.4999999701976776,
          0.0,
          -2.384185791015625e-07
        ],
        [
          0.11239371448755264,
          -0.194671630859375,
          -0.9744077324867249,
          -1.1920928955078125e-07
        ],
        [
          0.4872038662433624,
          -0.8438618779182434,
          0.22478744387626648,
          6.267948627471924
        ],
        [
          0.0,
          0.0,
          0.0,
          1.0
        ]
      ],
      "fx": 1662.7688,
      "fy": 1662.7688,
      "cx": 960.0,
      "cy": 540.0
    },
    {
      "id": 41,
      "image_width": 1920,
      "image_height": 1080,
      "fov_x_rad": 1.047198,
      "fov_y_rad": 0.628029,
      "tanfovx": 0.57735,
      "tanfovy": 0.32476,
      "camera_center": [
        -5.088036060333252,
        2.9375791549682617,
        -1.5182034969329834
      ],
      "viewmatrix": [
        [
          -0.5,
          -0.8660253882408142,
          0.0,
          0.0
        ],
        [
          0.21667279303073883,
          -0.12509609758853912,
          -0.9681960940361023,
          -1.1920928955078125e-07
        ],
        [
          0.8384824395179749,
          -0.48409807682037354,
          0.25019219517707825,
          6.068147659301758
        ],
        [
          0.0,
          0.0,
          0.0,
          1.0
        ]
      ],
      "fx": 1662.7688,
      "fy": 1662.7688,
      "cx": 960.0,
      "cy": 540.0
    },
    {
      "id": 42,
      "image_width": 1920,
      "image_height": 1080,
      "fov_x_rad": 1.047198,
      "fov_y_rad": 0.628029,
      "tanfovx": 0.57735,
      "tanfovy": 0.32476,
      "camera_center": [
        -5.795555114746094,
        4.968255658494101e-15,
        -1.5529142618179321
      ],
      "viewmatrix": [
        [
          -8.572527703398379e-16,
          -1.0,
          0.0,
          0.0
        ],
        [
          0.258819043636322,
          -2.2187334545100833e-16,
          -0.9659258723258972,
          -1.1920928955078125e-07
        ],
        [
          0.9659258723258972,
          -8.280426273955365e-16,
          0.258819043636322,
          6.000000476837158
        ],
        [
          0.0,
          0.0,
          0.0,
          1.0
        ]
      ],
      "fx": 1662.7688,
      "fy": 1662.7688,
      "cx": 960.0,
      "cy": 540.0
    },
    {
      "id": 43,
      "image_width": 1920,
      "image_height": 1080,
      "fov_x_rad": 1.047198,
      "fov_y_rad": 0.628029,
      "tanfovx": 0.57735,
      "tanfovy": 0.32476,
      "camera_center": [
        -5.088036060333252,
        -2.9375791549682617,
        -1.5182034969329834
      ],
      "viewmatrix": [
        [
          0.5,
          -0.8660253882408142,
          0.0,
          0.0
        ],
        [
          0.21667279303073883,
          0.12509609758853912,
          -0.9681960940361023,
          -1.1920928955078125e-07
        ],
        [
          0.8384824395179749,
          0.48409807682037354,
          0.25019219517707825,
          6.068147659301758
        ],
        [
          0.0,
          0.0,
          0.0,
          1.0
        ]
      ],
      "fx": 1662.7688,
      "fy": 1662.7688,
      "cx": 960.0,
      "cy": 540.0
    },
    {
      "id": 44,
      "image_width": 1920,
      "image_height": 1080,
      "fov_x_rad": 1.047198,
      "fov_y_rad": 0.628029,
      "tanfovx": 0.57735,
      "tanfovy": 0.32476,
      "camera_center": [
        -3.05376935005188,
        -5.289283752441406,
        -1.4089564085006714
      ],
      "viewmatrix": [
        [
          0.8660253882408142,
          -0.4999999701976776,
          0.0,
          2.384185791015625e-07
        ],
        [
          0.11239371448755264,
          0.194671630859375,
          -0.9744077324867249,
          -1.1920928955078125e-07
        ],
        [
          0.4872038662433624,
          0.8438618779182434,
          0.22478744387626648,
          6.267948627471924
        ],
        [
          0.0,
          0.0,
          0.0,
          1.0
        ]
      ],
      "fx": 1662.7688,
      "fy": 1662.7688,
      "cx": 960.0,
      "cy": 540.0
    },
    {
      "id": 45,
      "image_width": 1920,
      "image_height": 1080,
